  -8.1224242528888890       -7.4852926273605807       -6.1163957693091673        1.6266762199877487        1.1016933918847513      -0.19620605625670531     
  -8.9059857723156224       -8.8938810332706772       -8.6176928635313601       -6.7787559395641850E-002  0.65164948214148843        1.3568237822399660     
  -5.2374372829331755       -6.2138073363288573       -9.2773727535854178       0.99289335948916424       0.89481584894635802      -0.17304531219632879     
  -2.8767491182992466       -7.7041760787854416       -8.4414847383296401       -1.5651229547233481       0.15876705503923816      -0.65891401831732077     
   2.0138125202160149       -6.9229400722974237       -5.5266914963613187       0.25873492258533037      -0.50658448197224826      -0.43511417838976330     
 -0.42409414233191300       -5.7773110866886395       -5.9581383094382927       0.38000042972877335       0.23349407828126068      -0.49467667208762600     
   5.6181934773418938       -6.8499433093685695       -7.5257005350640496       -9.2955231765643909E-002  0.60835321203718262       0.43027357340621597     
   1.4627770066424446       -9.2075416106484553       -10.597925103080330      -0.12207181330860362       -1.7248871407458344E-002 -0.30331853949607812     
   8.4772670699493169       -7.2810514052071076       -4.5818918088969820       0.59940297429842637      -0.42660908088276983      -0.34611104973269241     
   7.8004490006392109       -9.4421495954100223       -10.458808589212193       0.36072710943905228      -0.59386938706350278       -3.7486886737337861E-002
  -5.4892734870042332       -4.7089605351749988       -5.9236944566475609      -0.37060885519855002      -0.84409579107535393      -0.59647584548243782     
  -10.513976884610337       -6.2275343000333141       -6.7867342851708958       0.58137014330563108        1.6918034620836853       0.46955000012577075     
  -3.2532572691338228       -2.5094605373771266       -7.5460390771805850      -0.34561460341406880      -0.62403200908205658       0.36546178808002916     
  -3.9063131622192406       -4.5194705097397199       -7.7999994532208978      -0.90023594283380648       0.87359785681542457      -0.11359971904018681     
   5.3621007201350651E-003  -1.4038076309868177       -6.8247013778912704      -0.81415089565219512       0.85069207842371897      -0.36409783578115934     
 -0.66529570085982637       -3.1387886658388719       -8.8962498318894330       0.70752600245741259        1.4773149170725075       0.67226789833464340     
   8.5479245949141394       -4.1147317889552451       -6.4717019824598969       0.36315809414665168       0.29736901281590278      -0.51383461752384252     
   3.6620301361800802       -6.5132143605946116       -9.6285557569047153      -0.45580816942850788      -0.60286176763070998      -0.16932317492786692     
   6.4604230251902495       0.20414078881054409       -5.4503881803002674       0.70102374826011216       0.35807570626123120       0.36083324011588486     
   7.5921037495465793       -5.6936956470473286       -9.0873606961793723       0.58033339609292867      -0.35028524784685100      -0.19627954655396307     
  -7.0056457876371399      -0.48731904061151976       -5.2797644132283486      -0.33481346241061566       0.35326419174709223       0.40106600284680444     
  -8.6007640329193062      -0.61728358321730070       -8.6041504190991258       0.54387965427654528       0.22763760176851022      -0.13368391128999757     
  -4.1202675553800256        1.8612303591216330       -6.3364717984540526       -1.2362998068394218        1.2896756369508822E-002 -0.77894608790044839     
  -4.5145025454294831       -1.4122365398114027       -11.312203263723060      -0.20387164460893648      -0.87370378576207797       0.26800600145771719     
   2.2733930030841005       -3.4899507845390747E-002  -7.7534535028538079       -7.2498991564373449E-002  -1.0545366339764881      -0.74411701258390595     
  0.13359903884624305        5.7634034259031505E-002  -9.0831755804091294      -0.26351777839547819       0.21629949828326164      -0.14858942195378505     
   5.4511845906688903       -3.3618815198169885       -6.4184358329125928        1.1855091838515635        7.1640436454676326E-002   1.2090863629689192     
   4.5172457075705950       -1.4384777113117597       -8.3188349716607917        2.3102625381410391E-003  -2.8254513026504835E-002  0.34849546376968843     
   10.004761009621916        1.8384280233549954       -6.4873582911652763       0.25920333105801840      -0.99700110611506076      -0.68194157139709688     
   8.2946554526005887       -1.3502361929720790       -7.3802132297567677       0.48941949354161413      -0.19551494145902026       0.76644130962191248     
  -5.1086382717748018        5.8420659238630108       -5.6665192023333129       -1.3869767241928059        1.4012587351936441      -0.29554176430951473     
  -4.9679472574520007        2.7321683634938827       -8.6775865946427650       0.24419640970215717      -0.50545397008037574       0.96597861020256970     
 -0.16737071770167913        7.4690147312419279       -4.3107460796943400       0.14372272421103816      -0.30731528566869237      -0.21637899177765924     
  -3.3782056993610023        3.6730246920871088       -5.2683769372751454       0.34586169161340408      -0.63703016894486231       0.32320618730992479     
   1.5183461374645713        5.7575414206603792       -8.2660305344196168       -1.2260831167816191      -0.66725040867013163        2.8497165153772838E-003
   1.2096338245986660        3.6729374468879104       -10.017470395131626       0.79371750162930077        8.5238788061528514E-002  0.83329151647709154     
   6.8076593804257959        7.0215171675857277       -6.3835979707240940        1.1517141473302619       0.38020576176400489        1.0570570516336837     
   3.6735941261465901        1.9040139359150445       -5.9140072730735609      -0.60755872528288035       0.72186990936531448      -0.58090653074784204     
   9.7181761473966937        5.8596000293481412       -7.7756067383450187      -0.16285073347162538      -0.56982212952360101       0.29880196183215058     
   9.0863516777823552        3.5806822103454490       -10.147193034672522       0.42603818292683115       0.13723660943170568      -0.80433539298625079     
  -7.3076296505048921        9.5810913155924435       -5.3747673442420734      -0.43881146167284868       -1.2176779706998682       -1.1288424823733409     
  -8.1651538862954709        7.9440827262036180       -9.8019562434034455       0.43860380661352139       0.40426121114493885      -0.41788903857161114     
  -2.4296694911225667        13.163589105188038       -6.0353622816160781       0.91134298940137626       0.26109888606175424      -0.21187065729640064     
  -6.0672535225107520        8.1122982082328274       -13.849449513707507       0.56002661633253226       0.13367797753774369       0.48144747086125378     
   3.2965746775931128        10.408769558357047       -9.2739873501649868       0.25771103946485674      -0.96809744503126582      -0.58298792739934580     
 -0.71563838130031576        6.6534085975434669       -9.1188542972784852      -0.30370015320651156      -0.31386561002769575       0.63183545783207995     
   3.4556130704329115        9.8144393790352851       -5.5311939847531262       -1.4569743093657106      -0.66537728042208943       -1.0224302267871967     
   4.0183618930641920        7.2256700829387581       -11.285885742452383       0.53163550392902437      -0.35020929201437268       0.15092608723415832     
   6.4551847927580557        9.3746807777691501       -10.922994777345089       0.44252789507807577       0.31932758615393730       0.38016341018856875     
   5.5802567877931919        9.4985209273300359       -7.8237237341137806       0.43196592996991257       0.28975592689641738      -0.46057754078956958     
  -6.1335205767612333       -5.1128328936331018       -1.6852508547848766       -1.5326290684609196       0.23148460460493236       -2.1685575141519847E-002
  -9.8019226928042791       -11.964967117689648       -3.8070349972070936       -2.3848763388542693E-002 -0.52816837050839016       0.95252674111838165     
  -3.5792220606545606       -8.1016474914620495       -2.4553733356716445      -0.26988019389386686       0.41912912505195576       0.92782019294186169     
  -7.4489549431076263       -9.0718389622455451       -4.2854900928927062      -0.50694912940730141        1.2853362088208531      -0.94836732046890482     
   3.6473310430231525       -4.6480247872528384       -1.2154695183171200      -0.15789744066363998        1.0483080898578101      -0.19761685991274355     
  -1.0344368008489779       -9.7648558999829351       -5.5984947777019247        1.4577439844430096      -0.58068834462363361       0.64043917225083591     
   7.3234642440631408       -3.2649334925420117       -3.2989961246019566       0.46088842623318937        5.2926982619935004E-002 -0.42359514537576926     
   3.4258983926796964       -8.8935328956073150       -7.1624259388821097      -0.79681614970881753       0.87397543143605505       0.64292139608384669     
   12.103221062803808       -7.4206828902038646       -1.9764132503574339       0.14951939524709523      -0.66441695202380480      -0.93847313635951379     
   7.1497073342107091       -8.6456443789428761       -6.3269772142845140       0.31149035484812959       0.41633149800361124        8.9960641524661020E-003
  -8.0659315368042179       -2.5263640930314692       -3.9274078508090549      -0.93410874797984400       0.78771921176983462      -0.32896040578158325     
  -7.1768382727772435       -5.3563214149118163       -7.8433555315940886        7.7833208483474969E-002 -0.46560437132417221      -0.26513305361420569     
  -2.3943790576853217       -4.1384733160854710       -3.8097533992553654      -0.51738220145975600       0.51024164101486447       0.79168260412701752     
  -5.1906187849895415       -2.4018076728265663       -4.9382016441072283      -0.70913101530905731       0.10501333160896342      -0.29179467916547380     
  0.84961016347019880       -2.4221175115585818      -0.44486048223431557        4.9191407808923948E-002  0.73618011854979704        1.2520420922337192E-002
  -4.6838267009348513       -6.6791406449881556       -4.3800969152932501      -0.23648820460750741       -7.4508488769460257E-003  -6.8945488058671456E-002
   2.6777869593699819       -2.8207602209145106       -3.9056043725916521      -0.58541630929101096      -0.69188795801467151      -0.12912737234539176     
   3.0145866832190906       -4.6013082044005298       -5.9887442568444929        3.4181257355459405E-002  0.43999423143432326      -0.32893015087210287     
   10.809974268033441       -4.0400758879243730      -0.22458840842305991      -0.36847756901808459      -0.31589694191512585      -0.47549054243459976     
   6.6679162209223017       -5.2935322396479716       -5.4028228491889907       0.43515860793671424       0.51108760179839230       0.48796704212002123     
  -12.499006193446100        1.3795240548237511       -2.0188201224293247      -0.56273422948745733      -0.26553106844463947        1.3327344117999274     
  -11.004071559499305       -2.0778533541210118       -4.2574854160346804       0.57028527142481644      -0.79703068072628991       -5.0202275288525861E-002
   1.3641953604878077        2.4907410673260495       -4.4901455323664718      -0.66397116871497674       -7.8222606587344368E-002 -0.25317902630551953     
  -4.8516899743446125      -0.42427543013473940       -7.1402602094514158        6.8981890440938998E-002  0.61007986729078389       -9.9078912808911318E-002
   3.7644000855182203       0.40897851441803645       -3.2151192574363696      -0.56574879502028308       0.38831992908593005       0.88600770523621453     
  0.59112713506138015       0.13077213860726553       -4.9077643746535280       -8.3609305151735161E-002 -0.48551826349613231      -0.74177637353550485     
   4.9171450433291470        4.2884590766354291       -1.9693420443006280       0.30938760034564616        1.4476539562033084       -1.1946980267455511     
   5.2927744590153134       -1.7100764731420721       -4.6021831717117081        1.0364670355220982        1.1965951988668704        6.7057364450566481E-002
   9.5474830531143731        5.3769699820477639       -1.7773181588119602       -1.5696872455086561       0.48315903168087537       0.83937476764654140     
   6.5195535715536144        1.7426420359049588       -3.2968421903473004        2.8760129619980201E-003  0.64558729613251264      -0.52219832458954862     
  -7.5164041874432499        3.3251756353000008       -3.0597548251341644      -0.52349564791967751      -0.16868263900793323       0.92573966180258838     
  -10.146549370079054        3.4073125761431609       -3.7439789668382790      -0.50563499196620354      -0.17701161527397424      -0.68223294170438020     
  -2.0153079287127875        4.7979876106440571       -2.8186016011465362      -0.93025217084936695       0.19205021091379937       0.29293254303939104     
  -7.2707744861861228        1.8068882913381390       -5.3254195595843363      -0.15426155420830989       -8.9988334771194722E-002 -0.63240630032560741     
   1.3452105610206080        4.3515114620214419       -1.2197835788344873       0.29799292219437223       0.34477751269066559       0.53007126822951722     
   4.3928278763786324        5.8024583553500175       -7.3111287071936015      -0.47331410589445877      -0.48418558999089978      -0.13200018870334371     
   4.9572757399810818        3.5635746250816269       -7.3807764628467218      -0.43742689281510572       -5.3477019287701211E-002  0.87415406636936988     
   3.3223381734435007        2.9035562888918860       -2.4167641770095956      -0.30938942187745977        5.4357181376991193E-002  0.47048470522733099     
   11.731089258101219        6.0359572989679959       -4.2353309447089718        1.4117625295551646       0.76946121441860882       0.27685338933558545     
   7.2363702706743132        3.1887957692100661       -6.6219152135180606       0.21099461068108516       0.90062425831489890       -1.0593711858265640     
  -4.6602485206158972        10.411342327330962        2.5891026605732087E-002  0.21690308965154337      -0.91265378888954363       -1.1897239553356573     
  -7.5882246468688059        5.0350262390919784       -5.9058683518426802      -0.47043240383414409      -0.32547464192757580       0.28273526975515018     
  -2.5274746984645970        9.2924601642146190       -5.9532382402706556      -0.17325073712930106       0.54256660907741283      -0.61763226881415501     
  -4.8736556913395379        8.8864812201326941       -5.5276346781474821       0.16388352578587373        9.1104453190791190E-003 -0.53777208872233839     
  0.41758181150823037        10.991284735716278      -0.38373174735118526        3.4550076678597108E-002  0.34522133157153567        1.0446209945672926     
  -1.7598267621301293        7.5385200790868936       -2.2660871877601863       0.22185098105151368      -0.64962237842015758      -0.30323389980722443     
   2.5153776451481105        8.0722105736785732       -1.6986674180391259      -0.29858143200335796       -5.2290940787762086E-002 -0.36746763189234721     
   2.1971706154561961        8.4190299770601982       -4.3365357978729575      -0.85859429903541518      -0.53867150249879159        1.2710966053759229     
   7.0515393223375780        9.9613568362234748       -5.4404810411219930      -0.39048289697950977       -1.3457535287162949      -0.88793881764205929     
   9.0981107776114509        7.4595239742444628       -6.5079638676725331       -9.7721035977434312E-002 -0.38461423179317222       0.48817920220012423     
  -8.9657055416045033       -9.3751856279822192        1.5974479825862797       0.50122316415755108       0.44180668508093213       -1.0314156092266420     
  -9.1074992700916919       -10.732011861483967      -0.44622099266933840       -7.2133986624226765E-002 -0.66041418241393757      -0.14318242230450182     
 -0.75453328056764069       -5.5184376042602539       -1.0644003235480344      -0.26712631222392513      -0.39479792530625069        4.3759861549442745E-002
  -4.5848588103779493       -7.4070857354196873        9.4074331585171589E-002  -8.9879929201870823E-002 -0.26581223823641231       0.19972323032271530     
   2.6048218873847313       -8.2459061042216835        2.2994935200996820       0.25290293176268541       -8.0274628326064690E-002  0.32730362662610307     
  -1.2004910660723684       -7.9332128858817708       -1.9515155294126965      -0.18490554741698695      -0.55847213039159460       0.38692876342685084     
   6.8472603416487905       -6.7241487883234710       -1.4538421209889218       -5.4698339779589489E-002  -1.0035367636213381       -5.1306590487264790E-002
   3.9648392981948186       -6.6083584375687980       0.71795178642659818       0.10829337414869666      -0.10660399905485196      -0.79663596467236142     
   9.3576488869442294       -6.7019383145232245        2.2211595379898323       0.82742240661880118      -0.45123305597913799       -1.6214975340531305E-003
   5.1162290058324613       -8.2741077709516944       -2.7958134065391924      -0.31538614537474263       -5.7986359765849649E-002  0.58881750226394536     
  -7.7542923313490171       -1.4954820860311673       0.32528150841507791        1.0746857138336421       -7.1503366010130520E-003   1.0312171169610820     
  -8.1045976908781316       -4.7121781377426091       -2.8882079732789063        1.1099760052057466      -0.49684398209349467        1.2381153229236161     
  -4.5631748667789189       -3.8031369219645210        1.9344204468297712       -1.0538106308722859       0.34388173014739287       -1.0036626821160481     
  -4.2782230922597186       -3.4978000136765552       -1.8491897586320294       -9.9614643349568599E-002  0.54858848622199163      -0.86044099029266830     
   2.0798554615450215       -3.0927531140914533        4.0034101044679176       -1.9140778922793977E-002   6.5082135875530689E-002 -0.22056706292577349     
  0.90587631652801992       -4.3492392133705406       -2.1835131857139682       -3.3289438949631212E-002 -0.68742977850572562        1.6825104621927396     
   6.1664063073912390       -3.8946488968605038        3.1944930091910706      -0.14598961230884822       0.35038186089114820      -0.68664496046150147     
   5.9226120872393624       -3.5580077226546600       -1.0884413606217709      -0.21060614098388442        6.0868919688680023E-002 -0.11277970831422672     
   10.511786327370187       -2.6676950050117441        4.1013862366358049      -0.86763473891040643       -1.4737432967908255       0.37507403845022974     
   9.6121493841174850       -6.0041732768571814       -2.4904751564269172       0.61970960975077150      -0.75310546624421448      -0.10356282273334175     
  -3.9489792896558606      -0.77001781295100535       -1.4887949143524775      -0.73639155332281836      -0.51124426821839997       0.15603126105081422     
  -8.5124134297704614      -0.42613509051274473       -1.8293460004360278       0.25894411321639110       0.83709898958507889       0.37238728385939940     
  -1.1386964412689138       -1.8430679708398205        2.2789076809028987      -0.35239834482481713       -1.3186705222582256      -0.10270050824793173     
  -4.4974845944795225      -0.86534695015322771       0.83191154984609017        5.4591290749395394E-002 -0.12480913562275120      -0.31798453848903263     
  0.90287348114092558        1.0167616475338275        2.0739202918578705      -0.68129285950368268        1.3811853827352465       -5.2620524973125596E-002
  -1.8177010761053662       -2.4081611944837333      -0.26826653081442398       0.33749790402590052      -0.37251659616878641       0.36396151390546511     
   4.2946006528838625       0.97238819258371478       -1.2930825704544853E-002 -0.26238886025553043        1.2126416220552860      -0.88538024101884394     
   2.3830785869523923      -0.98773467325759667       -1.9523386793490876      -0.54405109371927562       0.40492348362510611      -0.29014136793828699     
   11.503815453661604        1.6589170245676068        2.7940015603686523E-002  0.25259760274130838      -0.71090252321852709      -0.49921928993742581     
   10.513874158251175       -2.3210492762112014        1.4819280968015693       0.30344784276362557        9.7156612995884295E-002   5.0726091585201798E-002
  -5.0932153849997510        5.6762407929437240       -1.2977843019538498       -4.0332216038202695E-002   1.1064382060319682      -0.43721661513237775     
  -12.369462460175782        2.7599922726311319       0.18013351168408570      -0.39948393726989351      -0.35292648517564551       0.58347865783377884     
  -6.0515747843863243        2.5403757073575179        1.1450099802231823       0.50985214273944734       0.35598866871245338       0.52479089886450048     
  -7.6875989690519289        3.5747751267875429      -0.46815503774537515        1.3800252672273459      -0.40870404798587856       0.20135255962743454     
   1.4635400095590378        4.7586845983197366        2.1500238421558131       0.10766211245057811      -0.84167333649613130      -0.46033475674637109     
  0.16002035210481685        4.8700929284212560       -4.4995316585586105       0.33719942280195259      -0.73056981033553481       -4.8508785475971261E-002
   4.4812522313871961        2.9949986857890227        2.8305369994247966      -0.11458046628382235        5.8038697103921955E-002   6.3976559236472458E-003
   1.8710555305752115        2.7373724594183440       0.28802886552159829       0.18464598913091956       0.62748627457302830      -0.14161314531853639     
   7.3457581573559301        4.1594804294930494        2.2068509549100357       0.69925919002108472      -0.10673651843967669      -0.62579274378320571     
   4.7422518703920282        3.6163460009759048       0.62640049437867973      -0.76412136496588468        7.6665995846926460E-002  -4.0525044627116438E-002
  -7.5779194195526207        8.1544255367787084       -1.6975860466517863       -1.0527009364473798       -1.5031901637993172E-002   5.3993132624536734E-002
  -6.0103775382519311        6.4218360318947036       -3.1407257997100744       0.36001208783037786      -0.68444767851413468        1.0202878442052912     
  -3.7562832879944095        6.0774128284962394        1.3243218847300997      -0.14442698473399496      -0.49736001098159655      -0.97481512172804330     
  -5.3741034620334416        8.0677245608719108        2.6114220148190329E-002  0.39595239299048135       0.44788706582405569      -0.12904840426801303     
 -0.62160384029412385        8.6148998212246450        1.6577237629441934       0.37735543868818944       -4.8429514535464291E-002 -0.34707517173879937     
   1.1007844530492690        6.6156883552934973        1.6351015658931566E-002 -0.17155616326939516      -0.62248401522355268       0.99147123976367801     
   5.0985514779205738        11.937353018047659      -0.15680963129040412       0.20007522841442515       0.54969068996521653       -1.2198459645566879     
   2.5847268346972374        10.454530310806037      -0.94664260050574089       0.49924216453722270      -0.21377262918315165       0.27633748063805114     
   9.7830404084914395        8.4853195067105744       -1.6539250727497719      -0.42291223135984701      -0.40846211362858753      -0.45267911076494882     
   7.7528729973846691        7.0142001104541993       -2.5844583984072109      -0.31722400658552274      -0.50783727254134359       0.77575036662208352     
  -1.9184606357534111       -9.9972786956786717        6.7300636307555513        1.5044439552812481      -0.68112609356671561       -1.2320440770567624     
  -11.764542740565512       -7.3810900132938766        6.5476104361898573      -0.50861549295381003      -0.43046023525976285      -0.16149296409279532     
  -5.0595650891700794       -8.2052984491316554        3.2336485801269288        1.2189707316549558       -9.4186469699256037E-002 -0.51349379175647913     
  -6.7386310733504065       -9.4784690666399989        1.9079356925483679       0.67876715702963430       -6.9663367582437630E-002 -0.74982350603225745     
  0.57873904680688515       -6.4654063030546203        5.8024542685810392        1.2186437769196656      -0.18574623787082462       0.26685228241514308     
  0.68879775254413167       -10.145349230367213        2.4030851206847124       0.19691908859273521      -0.42833486375508600       0.86045458334789637     
   6.6997652551068123       -7.0892646715581256        6.0579066992086830      -0.76304272499420023      -0.84187910743718675      -0.51229400934160740     
   3.9924446853610580       -9.2811840854336527        3.6078544295480710      -0.53677241634723671       -1.6749329392309318       0.54348738474359026     
   9.8062891890211166       -10.359862751186622        5.1166235663045487       0.39589556811628768      -0.39478202351031655       0.37734905852442863     
   7.8794673720401427       -8.1089998360867881       0.12206176919099446       0.79744168994945674        6.2106046855811670E-002 -0.95058751835455157     
  -4.1791532577599000       0.13897815673093503        3.5810412152181583      -0.40705217833250279       0.30836092548319538       0.61903639970662172     
  -9.0824404869582338       -6.6017328897909424        1.2191945937168369      -0.18176108522846501       0.51312093395209413      -0.59556222938479142     
 -0.70708673147042578       -1.7258080791241337        6.5794539848007041      -0.35250276467354946      -0.41701735321785294      -0.40690521266122470     
  -2.1795063912817234       -8.2306278063593119        5.0588586885478835      -0.75306497334579880       0.91524253586939763      -0.45923470685308532     
   2.8714274231414660       -3.0393718179204461        7.4230892935879007       0.54904284162401096       0.31505326805322520       -5.9375715953008973E-002
   1.4718388574265915       -3.4846604961304868        1.6402146022273634      -0.41103077833611668      -0.42511936481373347       0.11137895588474542     
   6.7797589341022340       -1.3171644518870653        7.4698513683592012        5.3631149343100759E-003 -0.65370143292031369      -0.22832576504516103     
   4.0813331559293955       -5.0251966930544265        5.5558286789162699        7.9953545874940524E-002  -1.1874158893913251        1.0598603037564396     
   10.100102613727922       -4.5512340832768823        6.7086123802975797       0.17658369419291375        7.1217989294371620E-002 -0.12195026084676260     
   9.9359044430033645       -5.1802569086484169        3.9006485439509917        7.1005129554726043E-002  0.62382395686066250       0.95023161060043493     
  -8.3118615658555246        1.7284936812564855        4.4336238505617791       -4.8036071066248187E-002  -1.1189950927273404       -7.1909779371345711E-002
  -7.5424203968145038       0.49055489200417862        1.8440042025161603      -0.46219532899504195      -0.88220579185641856       -1.1191401921382915     
  -1.4066313788820191        1.6002067367688613        4.9448140568809906       0.38989730071015116       -4.5691330570727828E-002  0.32739197572412165     
  -6.3127670258903477       -5.1225545014322096        2.7171160712100999      -0.34899039043704994       0.59386903332505980       0.42320811614085457     
   2.0060769369885474        3.5896262588036509        6.0232313084690219       0.52769716969771263      -0.95628285528458723       0.31220270240680886     
  0.49263823221233360      -0.46911551022727060        4.5058915863414386      -0.31941589345804716      -0.51802559637376278       0.43187050037218500     
   5.8978589433794912        2.8870235329853839        5.8764255318142524       0.21471597490717764       -8.2743064513461917E-002 -0.60770974574774761     
   3.3102269029747555       0.65012290431677255        2.5795634107238414      -0.67998076834147980       0.45958432988218823        1.0254919788341301E-002
   8.9206054012482223       0.32618927136704690        5.2507412533983944        1.2464609358357681      -0.32779955188866872      -0.45042333026634657     
   7.4230657330593104       -2.6777501678495113        4.8170311776540728       -9.1171924753412181E-002 -0.15190120423067377      -0.52248785983977808     
  -7.8020017183239538        8.1696068747474886        2.7818183607422502      -0.60050321221258152      -0.74696782336023304       0.81944255165903301     
  -10.677375053448863        2.5597090008415408        5.4459237786680470       0.46093951486481521       -1.3851544144436749      -0.41936884720760620     
  -4.5726393884066994        6.1657463557235959        7.1213230731852013       0.16114732412941635      -0.11953293856912861       0.23593790659315544     
  -4.4995202299638208        3.2628300387341258      -0.51932238299231637       0.63250117957729479      -0.46203728703210301      -0.41728522242162419     
  -1.3251726629127001        7.0989195950000594        4.7096102134726454      -0.20089187731739955       0.61552971487434061      -0.80633377410605067     
  -1.7620289965258955        1.8679451788852570        2.5865501215218845        5.2012537013543136E-002  -6.1415697176343098E-002 -0.93069802629524689     
   5.3374421776680441        6.4516656244555355        6.4820956338404185      -0.76044612712208259       0.36828415916901402       0.66152853304235426     
   4.1555207404532020        4.9045351280051408        4.1892212477569828      -0.24978410207475266       0.19803724503655840       0.24005703558229918     
   10.198446276327932        5.0438281408671282        5.6835346078643720       0.78576841093190986       0.33211829534968551      -0.31973727167081067     
   6.7524213923868963        1.9780781333266810        3.1779745375022368      -0.41452498640602453      -0.51837331574084899      -0.72895895908283870     
  -7.1692454265747498        14.386154641801594        4.3447521339426576       -1.4074004937023119       0.33149950502879832       0.40178794351648295     
  -9.5490293375507687        6.3307512655794884      -0.52232828192377223       0.69212159397414830       0.25874914323261766       0.29591931158131263     
  -4.6583270152416345        9.4026161530815422        5.3043245133312684       -1.5898159248069241       -1.0613929785871141      -0.14320782725317704     
  -4.1559163695698560        7.7618236026814280        3.4874724162190107        1.0424288420121206       0.56346763313790582       0.99442084474900005     
   1.7500017451931558        8.1581517155672412        4.9142895237446806       0.21226720944583377      -0.55536343010128375      -0.67097821832748739     
  -1.3612697579871638        5.9950252883600879        2.2071201014611304      -0.32996848955181379       0.17852532895526263       0.35021616853661997     
   5.6306164599209048        10.080523906691790        4.4396608730676608        7.8618146916282328E-002  -1.7185499065420551E-002 -0.59158882110787803     
  0.71449452711629158        5.6676990345001661        4.8182188462793665        9.8173409722342786E-002  -1.0654963675609137       0.57440075344311414     
   13.154411648967136        7.3638532415738434        8.6731428948432896       -1.1508865915659570      -0.60796334379440253      -0.50572191622953566     
   8.4405811427161250        8.8065043733684298        3.9132671330661313       0.23612577764531473      -0.61775377841536550      -0.10303123200740792     
  -3.2038557130904217       -7.0173395990313336        6.8756170547936817      -0.68899759245384207        1.0512994380459606E-002  0.96938484275881220     
  -9.0899161761357323       -11.003662427521833        4.4442135551007498      -0.26705342327140880       0.20875298260968389        9.9443166260618956E-002
  -1.0230851870845841       -5.3046931620447788        12.650681626634919       0.50420065377995638      -0.49885243848680161       0.30714928960114241     
  -6.0370957212488578       -8.4690890203909213        5.8464714169770371       0.56341754471929839        4.3640181428942881E-002   1.0987397727083577     
   1.9896776720819245       -6.4201460949077411        9.6437679014160693       -5.0010883978402809E-002   1.2170625228993406       0.78042677762700774     
  -2.8651838369313247       -9.1053922773778915        8.8772010711425224       0.31383190482246892       0.15531384241780044       0.45648931537213078     
   6.2632783827926124       -7.3906645434184464        10.125968579978439       -1.6004460574972530       0.90241250676578311       0.42791999475388603     
  0.33600852678738663       -11.051605321936563        6.3542395460471282        1.3788605170277108       0.63958996165768811      -0.46155129361483566     
   9.6374557362515603       -8.0003467206507821        12.522613970195971       0.76516250055568413        1.5679885970383065      -0.20714654420667292     
   5.6329787412529564       -9.6710845970435297        7.2768551969586648      -0.83909281420999626       0.25020387262365285       0.84871419017813965     
  -9.3327244946073602       -5.2633750350343709        12.195554571842170       0.72619900918961733      -0.93149360112424873       -1.0397614215142050     
  -8.4494728859333481       -3.4317171626964429        7.9541043688960746       0.94549708700999013      -0.55098352415057050       -7.6280234978505196E-002
  -5.0714210831486426       -3.3715071042473248        8.4087058366748568      -0.69553369584870950      -0.39834715060068770       0.12591163000316144     
  -4.5371887961671957       -5.8092650389692455        8.4514112053906860      -0.14973792601391533      -0.41391665872753292        1.3558939249834712     
  -1.2385728039745656       -1.3688775418770454        10.241253639899371      -0.47759738641476424      -0.11925008520988389        1.0149142430428979     
 -0.52006048406715710       -4.7154241469043834        4.5414889816849033       0.63707147815517962        1.0844954594527878      -0.25978389569500576     
   4.9967368201935249       -3.0414046797619108        10.684745716240990      -0.34336367938761247       0.63566652258014678      -0.77750714279498678     
  0.79971815503213861       -4.9870231825181488        7.9405904111062320       0.97121914299069578      -0.66692966442835366       0.13520062966246407     
   12.217644787033182       -1.7381544717560307        9.9016133185189474      -0.31421924294662973       0.50903310892226905       -2.2981311903211548E-002
   7.2760103413060921       -3.2146159754121864        9.7374791446541646       0.21242580278124912       0.53022710795548189       0.54250333685936958     
  -7.1506077039015512        2.7025711832271160        13.458161939452124        2.2455114026849188E-002  -1.1493458474164973      -0.45110965706395117     
  -9.9222036267781881      -0.52607485716065561        6.0858456025774386      -0.41001131427662785       0.36093678065851620      -0.98583367524474064     
  -4.8383016291644605       0.13760703285933704        11.551099643457553       0.36234752288394612      -0.53460405035483749        9.2431371427509332E-002
  -2.5273973583553042      -0.66649925382618469        5.4667877690310016       0.71713014293784516       0.36367179908455438       0.19788756736449017     
   1.3262501366947663        1.0298522413838840        9.1074572143932269       -1.2870668644619883       -1.4417112329765034        1.4063213129014160     
  0.75754467607217135       -1.4377005179068618        8.5628311862060240        8.2897155939706924E-002 -0.14673188830811101      -0.24874953248387821     
   7.4503788057081337       -1.3811991287803460        11.480413156695761       0.13869820869132243       0.70726775140017217       0.36250754960900478     
   4.7413482934872118       -2.0485659618210472        8.8417252524869454        2.1732892778433932E-002 -0.10398755783552582       0.17888448495480183     
   9.0448511513756369        2.6978493125969218        8.4949098174451940       0.33627815885974410      -0.57791255748686510      -0.17257109186848346     
   7.4250830632148226        1.1996435702935984        7.3814968259342351       0.50798181155430699        7.7734991450935098E-003 -0.43697307133950086     
  -5.1265421429612426        4.5349242885503322        10.302512869488519      -0.75571071294716141      -0.57041104871865844      -0.71768853391410170     
  -7.6346781601212159        4.2832215272970684        9.1487826058815642      -0.95818339613659553       0.66749003172083032       -1.2440002678344069     
  -1.2012567653428647        4.3156903724577758        10.573332791457482      -0.51036846883679932       0.92534595217500670       0.30895030664777046     
  -2.8401997223942175        5.3172575850215713        9.1748537650225988      -0.20918869242595406       0.98230317691758406       0.43935757445085138     
   1.9664781636764641        5.0898941346080058        8.8921200149189747       0.38696570343408165      -0.63389294575060395       -2.3200811554153020     
  -3.9969684789203520E-002   2.7717114380898233        7.3351829452143313       0.41381732175762576       0.25397751328014140       0.62294405725032842     
   6.8178164102713064        4.9984102083488677        9.7577920499024167       0.42511582134159109      -0.72147090423872307       0.49367896859207178     
   3.9191884613122219        3.5249248359629259        7.4305737680779673       0.25433476812682798        1.9760541342483062E-002 -0.13771103493053100     
   10.909011152306260        5.0803843548009189        9.8297900214363700       0.61163724242382411       0.37639253739259004      -0.51159137796161058     
   7.6062383798204571        4.8679485090416703        7.0523295390455862       0.73742232924039630       0.25306095445642640      -0.45800755637600921     
  -7.2251864372171077        11.321728565876196        7.8699669462415107       0.50781065062875363      -0.64050208057446056       -1.3387594311849949     
  -9.9271193628921282        6.5137789952082290        7.5033338330446080       0.25955164904803230       0.13262480538597288       0.36691675382454036     
  -1.2199762865177766        7.8244129674903435        9.6556597516255511      -0.51105859241619989       0.58447869922882500       0.79890540511691566     
  -6.2427854871242641        3.1610748531379733        3.7189444944992789      -0.28948005535609123      -0.19534947739156294      -0.76215371513182562     
 -0.95597621019930790        12.582052907725570        10.965524832466214        1.5622364866009875E-002 -0.54163027323841972       -3.4310287454140144E-002
  -2.6155624545121121        8.1692107870016457        6.6211632084061103        8.4772982794492080E-002 -0.70477490196727044       0.21154238450930288     
   3.1688078206275234        10.803058828450620        7.2483548621171359       0.98689370232827223       -2.9920626434893904E-003  0.46066537004312064     
   4.0752316427030912        8.5223647389928328        5.9724139423580302       0.15916878191944139       -1.7314785105375052       0.67011226004730506     
   10.378857070622926        9.0047481060505898        12.017490676177410       0.24899790686567869       0.74680559714836114      -0.26876182783444019     
   8.1173728088957944        6.9330567678465584        10.970543226225780       -1.2772764358108293       0.68957685635508970       -1.1136112760388157     
