# # x rho
-1.800000000000000044e+00 0.000000000000000000e+00
-1.780000000000000027e+00 0.000000000000000000e+00
-1.760000000000000009e+00 0.000000000000000000e+00
-1.739999999999999991e+00 0.000000000000000000e+00
-1.719999999999999973e+00 0.000000000000000000e+00
-1.699999999999999956e+00 0.000000000000000000e+00
-1.680000000000000160e+00 0.000000000000000000e+00
-1.660000000000000142e+00 0.000000000000000000e+00
-1.640000000000000124e+00 0.000000000000000000e+00
-1.620000000000000107e+00 0.000000000000000000e+00
-1.600000000000000089e+00 0.000000000000000000e+00
-1.580000000000000071e+00 0.000000000000000000e+00
-1.560000000000000053e+00 0.000000000000000000e+00
-1.540000000000000036e+00 0.000000000000000000e+00
-1.520000000000000018e+00 0.000000000000000000e+00
-1.500000000000000000e+00 0.000000000000000000e+00
-1.479999999999999982e+00 0.000000000000000000e+00
-1.459999999999999964e+00 0.000000000000000000e+00
-1.439999999999999947e+00 0.000000000000000000e+00
-1.419999999999999929e+00 0.000000000000000000e+00
-1.399999999999999911e+00 0.000000000000000000e+00
-1.380000000000000115e+00 0.000000000000000000e+00
-1.360000000000000098e+00 0.000000000000000000e+00
-1.340000000000000080e+00 0.000000000000000000e+00
-1.320000000000000062e+00 0.000000000000000000e+00
-1.300000000000000044e+00 0.000000000000000000e+00
-1.280000000000000027e+00 0.000000000000000000e+00
-1.260000000000000009e+00 1.782178217821782135e-04
-1.239999999999999991e+00 1.782178217821782135e-04
-1.220000000000000195e+00 5.940594059405940449e-05
-1.200000000000000178e+00 3.960396039603960525e-05
-1.180000000000000160e+00 3.960396039603960525e-05
-1.160000000000000142e+00 3.960396039603960525e-05
-1.140000000000000124e+00 5.940594059405940449e-05
-1.120000000000000107e+00 1.980198019801980263e-05
-1.100000000000000089e+00 1.980198019801980330e-04
-1.080000000000000071e+00 1.584158415841584210e-04
-1.060000000000000053e+00 4.554455445544554706e-04
-1.040000000000000036e+00 5.544554455445544058e-04
-1.020000000000000018e+00 6.534653465346535036e-04
-1.000000000000000000e+00 2.376237623762376180e-04
-9.799999999999999822e-01 6.336633663366336841e-04
-9.600000000000000755e-01 4.158415841584158315e-04
-9.400000000000000577e-01 6.138613861386138645e-04
-9.200000000000000400e-01 4.950495049504950555e-04
-9.000000000000000222e-01 3.564356435643564270e-04
-8.800000000000000044e-01 6.930693069306930344e-04
-8.599999999999999867e-01 8.514851485148514825e-04
-8.400000000000000799e-01 6.336633663366336841e-04
-8.200000000000000622e-01 9.306930693069306523e-04
-8.000000000000000444e-01 9.504950495049504719e-04
-7.800000000000000266e-01 1.267326732673267368e-03
-7.600000000000000089e-01 1.564356435643564445e-03
-7.399999999999999911e-01 1.128712871287128631e-03
-7.199999999999999734e-01 1.326732673267326827e-03
-6.999999999999999556e-01 1.287128712871287188e-03
-6.799999999999999378e-01 1.544554455445544625e-03
-6.599999999999999201e-01 1.841584158415841485e-03
-6.400000000000001243e-01 2.138613861386138779e-03
-6.200000000000001066e-01 2.000000000000000042e-03
-6.000000000000000888e-01 2.000000000000000042e-03
-5.800000000000000711e-01 2.455445544554455458e-03
-5.600000000000000533e-01 2.653465346534653654e-03
-5.400000000000000355e-01 3.405940594059405930e-03
-5.200000000000000178e-01 3.881188118811881166e-03
-5.000000000000000000e-01 4.316831683168317196e-03
-4.799999999999999822e-01 5.148514851485148751e-03
-4.599999999999999645e-01 6.534653465346534386e-03
-4.399999999999999467e-01 6.198019801980198321e-03
-4.199999999999999289e-01 7.287128712871287529e-03
-3.999999999999999112e-01 8.633663366336634393e-03
-3.800000000000001155e-01 8.930693069306929952e-03
-3.600000000000000977e-01 9.148514851485147967e-03
-3.400000000000000799e-01 9.861386138613861471e-03
-3.200000000000000622e-01 9.762376237623762373e-03
-3.000000000000000444e-01 1.069306930693069389e-02
-2.800000000000000266e-01 1.104950495049504891e-02
-2.600000000000000089e-01 1.247524752475247592e-02
-2.399999999999999911e-01 1.336633663366336607e-02
-2.199999999999999734e-01 1.376237623762376246e-02
-1.999999999999999556e-01 1.609900990099009943e-02
-1.799999999999999378e-01 1.928712871287128691e-02
-1.599999999999999201e-01 1.986138613861386168e-02
-1.399999999999999023e-01 2.241584158415841493e-02
-1.200000000000001066e-01 2.356435643564356447e-02
-1.000000000000000888e-01 2.457425742574257527e-02
-8.000000000000007105e-02 2.796039603960396094e-02
-6.000000000000005329e-02 3.415841584158416100e-02
-4.000000000000003553e-02 3.427722772277227992e-02
-2.000000000000001776e-02 4.085148514851485307e-02
0.000000000000000000e+00 6.225742574257425721e-02
2.000000000000001776e-02 5.403960396039603903e-02
4.000000000000003553e-02 4.184158415841584405e-02
6.000000000000005329e-02 3.269306930693069435e-02
8.000000000000007105e-02 3.188118811881188175e-02
1.000000000000000888e-01 2.881188118811881319e-02
1.199999999999998845e-01 2.437623762376237707e-02
1.399999999999999023e-01 2.350495049504950501e-02
1.599999999999999201e-01 2.217821782178217710e-02
1.799999999999999378e-01 2.011881188118811933e-02
1.999999999999999556e-01 1.889108910891089052e-02
2.199999999999999734e-01 1.596039603960396069e-02
2.399999999999999911e-01 1.562376237623762376e-02
2.600000000000000089e-01 1.530693069306930665e-02
2.800000000000000266e-01 1.374257425742574264e-02
3.000000000000000444e-01 1.328712871287128679e-02
3.200000000000000622e-01 1.186138613861386151e-02
3.400000000000000799e-01 1.128712871287128675e-02
3.600000000000000977e-01 1.079207920792079126e-02
3.800000000000001155e-01 9.841584158415841652e-03
4.000000000000001332e-01 7.544554455445544316e-03
4.200000000000001510e-01 7.544554455445544316e-03
4.400000000000001688e-01 7.306930693069307349e-03
4.600000000000001865e-01 6.811881188118811860e-03
4.800000000000002043e-01 6.158415841584158681e-03
5.000000000000002220e-01 5.801980198019801929e-03
5.199999999999997957e-01 4.376237623762376655e-03
5.399999999999998135e-01 4.297029702970297377e-03
5.599999999999998312e-01 3.801980198019801888e-03
5.799999999999998490e-01 3.366336633663366291e-03
5.999999999999998668e-01 3.049504950495049611e-03
6.199999999999998845e-01 2.158415841584158598e-03
6.399999999999999023e-01 2.336633663366336541e-03
6.599999999999999201e-01 2.633663366336633834e-03
6.799999999999999378e-01 1.584158415841584264e-03
6.999999999999999556e-01 1.702970297029702965e-03
7.199999999999999734e-01 1.168316831683168270e-03
7.399999999999999911e-01 8.910891089108911216e-04
7.600000000000000089e-01 1.267326732673267368e-03
7.800000000000000266e-01 1.405940594059405888e-03
8.000000000000000444e-01 1.089108910891089209e-03
8.200000000000000622e-01 9.900990099009901110e-04
8.400000000000000799e-01 1.009900990099009931e-03
8.600000000000000977e-01 1.089108910891089209e-03
8.800000000000001155e-01 6.336633663366336841e-04
9.000000000000001332e-01 5.742574257425742254e-04
9.200000000000001510e-01 5.148514851485148751e-04
9.400000000000001688e-01 6.732673267326732148e-04
9.600000000000001865e-01 3.960396039603960661e-04
9.800000000000002043e-01 3.168316831683168420e-04
1.000000000000000222e+00 1.980198019801980330e-04
1.019999999999999796e+00 1.386138613861386014e-04
1.039999999999999813e+00 1.584158415841584210e-04
1.059999999999999831e+00 7.920792079207921051e-05
1.079999999999999849e+00 5.940594059405940449e-05
1.099999999999999867e+00 9.900990099009901652e-05
1.119999999999999885e+00 7.920792079207921051e-05
1.139999999999999902e+00 1.980198019801980263e-05
1.159999999999999920e+00 3.960396039603960525e-05
1.179999999999999938e+00 3.960396039603960525e-05
1.199999999999999956e+00 3.960396039603960525e-05
1.219999999999999973e+00 5.940594059405940449e-05
1.239999999999999991e+00 3.960396039603960525e-05
1.260000000000000009e+00 0.000000000000000000e+00
1.280000000000000027e+00 0.000000000000000000e+00
1.300000000000000044e+00 0.000000000000000000e+00
1.320000000000000062e+00 0.000000000000000000e+00
1.340000000000000080e+00 0.000000000000000000e+00
1.360000000000000098e+00 0.000000000000000000e+00
1.380000000000000115e+00 0.000000000000000000e+00
1.400000000000000133e+00 0.000000000000000000e+00
1.420000000000000151e+00 0.000000000000000000e+00
1.440000000000000169e+00 0.000000000000000000e+00
1.460000000000000187e+00 0.000000000000000000e+00
1.480000000000000204e+00 0.000000000000000000e+00
1.500000000000000222e+00 0.000000000000000000e+00
1.520000000000000240e+00 0.000000000000000000e+00
1.539999999999999813e+00 0.000000000000000000e+00
1.559999999999999831e+00 0.000000000000000000e+00
1.579999999999999849e+00 0.000000000000000000e+00
1.599999999999999867e+00 0.000000000000000000e+00
1.619999999999999885e+00 0.000000000000000000e+00
1.639999999999999902e+00 0.000000000000000000e+00
1.659999999999999920e+00 0.000000000000000000e+00
1.679999999999999938e+00 0.000000000000000000e+00
1.699999999999999956e+00 0.000000000000000000e+00
1.719999999999999973e+00 0.000000000000000000e+00
1.739999999999999991e+00 0.000000000000000000e+00
1.760000000000000009e+00 0.000000000000000000e+00
1.780000000000000027e+00 0.000000000000000000e+00
