# # x rho
-1.800000000000000044e+00 0.000000000000000000e+00
-1.780000000000000027e+00 0.000000000000000000e+00
-1.760000000000000009e+00 0.000000000000000000e+00
-1.739999999999999991e+00 0.000000000000000000e+00
-1.719999999999999973e+00 0.000000000000000000e+00
-1.699999999999999956e+00 0.000000000000000000e+00
-1.680000000000000160e+00 0.000000000000000000e+00
-1.660000000000000142e+00 0.000000000000000000e+00
-1.640000000000000124e+00 0.000000000000000000e+00
-1.620000000000000107e+00 0.000000000000000000e+00
-1.600000000000000089e+00 0.000000000000000000e+00
-1.580000000000000071e+00 0.000000000000000000e+00
-1.560000000000000053e+00 0.000000000000000000e+00
-1.540000000000000036e+00 0.000000000000000000e+00
-1.520000000000000018e+00 0.000000000000000000e+00
-1.500000000000000000e+00 0.000000000000000000e+00
-1.479999999999999982e+00 0.000000000000000000e+00
-1.459999999999999964e+00 0.000000000000000000e+00
-1.439999999999999947e+00 0.000000000000000000e+00
-1.419999999999999929e+00 0.000000000000000000e+00
-1.399999999999999911e+00 0.000000000000000000e+00
-1.380000000000000115e+00 0.000000000000000000e+00
-1.360000000000000098e+00 1.000000000000000082e-05
-1.340000000000000080e+00 1.000000000000000082e-05
-1.320000000000000062e+00 2.000000000000000164e-05
-1.300000000000000044e+00 1.000000000000000082e-05
-1.280000000000000027e+00 2.000000000000000164e-05
-1.260000000000000009e+00 1.000000000000000082e-05
-1.239999999999999991e+00 1.000000000000000082e-05
-1.220000000000000195e+00 3.000000000000000076e-05
-1.200000000000000178e+00 5.000000000000000240e-05
-1.180000000000000160e+00 4.000000000000000327e-05
-1.160000000000000142e+00 5.000000000000000240e-05
-1.140000000000000124e+00 2.000000000000000164e-05
-1.120000000000000107e+00 8.000000000000000654e-05
-1.100000000000000089e+00 2.200000000000000078e-04
-1.080000000000000071e+00 1.800000000000000113e-04
-1.060000000000000053e+00 1.100000000000000039e-04
-1.040000000000000036e+00 2.100000000000000087e-04
-1.020000000000000018e+00 1.399999999999999877e-04
-1.000000000000000000e+00 1.200000000000000030e-04
-9.799999999999999822e-01 1.399999999999999877e-04
-9.600000000000000755e-01 4.800000000000000122e-04
-9.400000000000000577e-01 4.200000000000000174e-04
-9.200000000000000400e-01 4.000000000000000192e-04
-9.000000000000000222e-01 3.800000000000000209e-04
-8.800000000000000044e-01 4.000000000000000192e-04
-8.599999999999999867e-01 4.899999999999999842e-04
-8.400000000000000799e-01 5.800000000000000034e-04
-8.200000000000000622e-01 5.699999999999999772e-04
-8.000000000000000444e-01 7.200000000000000453e-04
-7.800000000000000266e-01 1.049999999999999935e-03
-7.600000000000000089e-01 1.309999999999999967e-03
-7.399999999999999911e-01 1.149999999999999981e-03
-7.199999999999999734e-01 1.549999999999999946e-03
-6.999999999999999556e-01 1.299999999999999940e-03
-6.799999999999999378e-01 1.350000000000000071e-03
-6.599999999999999201e-01 1.199999999999999895e-03
-6.400000000000001243e-01 1.740000000000000010e-03
-6.200000000000001066e-01 1.729999999999999984e-03
-6.000000000000000888e-01 1.750000000000000036e-03
-5.800000000000000711e-01 2.409999999999999816e-03
-5.600000000000000533e-01 2.710000000000000169e-03
-5.400000000000000355e-01 3.020000000000000115e-03
-5.200000000000000178e-01 3.299999999999999982e-03
-5.000000000000000000e-01 4.020000000000000136e-03
-4.799999999999999822e-01 4.409999999999999858e-03
-4.599999999999999645e-01 4.559999999999999817e-03
-4.399999999999999467e-01 5.470000000000000036e-03
-4.199999999999999289e-01 7.089999999999999948e-03
-3.999999999999999112e-01 7.110000000000000001e-03
-3.800000000000001155e-01 6.760000000000000384e-03
-3.600000000000000977e-01 7.640000000000000090e-03
-3.400000000000000799e-01 9.809999999999999276e-03
-3.200000000000000622e-01 1.069999999999999944e-02
-3.000000000000000444e-01 1.114000000000000060e-02
-2.800000000000000266e-01 1.200999999999999984e-02
-2.600000000000000089e-01 1.342999999999999923e-02
-2.399999999999999911e-01 1.409000000000000009e-02
-2.199999999999999734e-01 1.549999999999999989e-02
-1.999999999999999556e-01 1.796000000000000027e-02
-1.799999999999999378e-01 1.901999999999999871e-02
-1.599999999999999201e-01 1.964000000000000121e-02
-1.399999999999999023e-01 1.951999999999999916e-02
-1.200000000000001066e-01 2.139999999999999888e-02
-1.000000000000000888e-01 2.407000000000000112e-02
-8.000000000000007105e-02 2.622000000000000025e-02
-6.000000000000005329e-02 2.881999999999999840e-02
-4.000000000000003553e-02 3.323999999999999871e-02
-2.000000000000001776e-02 4.091000000000000192e-02
0.000000000000000000e+00 7.384000000000000286e-02
2.000000000000001776e-02 6.260000000000000286e-02
4.000000000000003553e-02 4.322999999999999760e-02
6.000000000000005329e-02 3.672999999999999876e-02
8.000000000000007105e-02 3.185000000000000331e-02
1.000000000000000888e-01 2.895000000000000004e-02
1.199999999999998845e-01 2.715000000000000052e-02
1.399999999999999023e-01 2.326999999999999902e-02
1.599999999999999201e-01 2.069999999999999965e-02
1.799999999999999378e-01 1.893999999999999850e-02
1.999999999999999556e-01 1.814999999999999947e-02
2.199999999999999734e-01 1.628999999999999893e-02
2.399999999999999911e-01 1.455000000000000043e-02
2.600000000000000089e-01 1.344000000000000056e-02
2.800000000000000266e-01 1.318000000000000074e-02
3.000000000000000444e-01 1.175999999999999962e-02
3.200000000000000622e-01 1.123000000000000040e-02
3.400000000000000799e-01 1.145000000000000011e-02
3.600000000000000977e-01 1.034000000000000023e-02
3.800000000000001155e-01 8.750000000000000833e-03
4.000000000000001332e-01 9.209999999999999437e-03
4.200000000000001510e-01 7.839999999999999747e-03
4.400000000000001688e-01 7.049999999999999843e-03
4.600000000000001865e-01 6.579999999999999911e-03
4.800000000000002043e-01 6.760000000000000384e-03
5.000000000000002220e-01 5.449999999999999983e-03
5.199999999999997957e-01 4.930000000000000354e-03
5.399999999999998135e-01 4.020000000000000136e-03
5.599999999999998312e-01 3.640000000000000006e-03
5.799999999999998490e-01 3.399999999999999811e-03
5.999999999999998668e-01 3.480000000000000020e-03
6.199999999999998845e-01 3.259999999999999877e-03
6.399999999999999023e-01 2.880000000000000181e-03
6.599999999999999201e-01 2.220000000000000185e-03
6.799999999999999378e-01 2.040000000000000147e-03
6.999999999999999556e-01 1.379999999999999933e-03
7.199999999999999734e-01 1.469999999999999953e-03
7.399999999999999911e-01 1.049999999999999935e-03
7.600000000000000089e-01 9.200000000000000278e-04
7.800000000000000266e-01 1.020000000000000073e-03
8.000000000000000444e-01 8.800000000000000313e-04
8.200000000000000622e-01 8.599999999999999789e-04
8.400000000000000799e-01 9.499999999999999981e-04
8.600000000000000977e-01 8.700000000000000051e-04
8.800000000000001155e-01 8.400000000000000348e-04
9.000000000000001332e-01 6.999999999999999929e-04
9.200000000000001510e-01 6.800000000000000488e-04
9.400000000000001688e-01 5.800000000000000034e-04
9.600000000000001865e-01 3.200000000000000262e-04
9.800000000000002043e-01 2.900000000000000017e-04
1.000000000000000222e+00 3.099999999999999999e-04
1.019999999999999796e+00 2.599999999999999772e-04
1.039999999999999813e+00 1.299999999999999886e-04
1.059999999999999831e+00 2.000000000000000096e-04
1.079999999999999849e+00 1.900000000000000105e-04
1.099999999999999867e+00 1.299999999999999886e-04
1.119999999999999885e+00 2.000000000000000096e-04
1.139999999999999902e+00 1.100000000000000039e-04
1.159999999999999920e+00 6.999999999999999387e-05
1.179999999999999938e+00 6.999999999999999387e-05
1.199999999999999956e+00 6.999999999999999387e-05
1.219999999999999973e+00 1.100000000000000039e-04
1.239999999999999991e+00 9.000000000000000567e-05
1.260000000000000009e+00 3.000000000000000076e-05
1.280000000000000027e+00 3.000000000000000076e-05
1.300000000000000044e+00 0.000000000000000000e+00
1.320000000000000062e+00 0.000000000000000000e+00
1.340000000000000080e+00 0.000000000000000000e+00
1.360000000000000098e+00 0.000000000000000000e+00
1.380000000000000115e+00 0.000000000000000000e+00
1.400000000000000133e+00 0.000000000000000000e+00
1.420000000000000151e+00 0.000000000000000000e+00
1.440000000000000169e+00 0.000000000000000000e+00
1.460000000000000187e+00 0.000000000000000000e+00
1.480000000000000204e+00 0.000000000000000000e+00
1.500000000000000222e+00 0.000000000000000000e+00
1.520000000000000240e+00 0.000000000000000000e+00
1.539999999999999813e+00 0.000000000000000000e+00
1.559999999999999831e+00 0.000000000000000000e+00
1.579999999999999849e+00 0.000000000000000000e+00
1.599999999999999867e+00 0.000000000000000000e+00
1.619999999999999885e+00 0.000000000000000000e+00
1.639999999999999902e+00 0.000000000000000000e+00
1.659999999999999920e+00 0.000000000000000000e+00
1.679999999999999938e+00 0.000000000000000000e+00
1.699999999999999956e+00 0.000000000000000000e+00
1.719999999999999973e+00 0.000000000000000000e+00
1.739999999999999991e+00 0.000000000000000000e+00
1.760000000000000009e+00 0.000000000000000000e+00
1.780000000000000027e+00 0.000000000000000000e+00
