  -0.180000E+01   0.224451E+02   0.224451E+02   0.912154E+02   0.100000E+01
  -0.179640E+01   0.226373E+02   0.226373E+02   0.910650E+02   0.100000E+01
  -0.179279E+01   0.228252E+02   0.228252E+02   0.909149E+02   0.100000E+01
  -0.178919E+01   0.230087E+02   0.230087E+02   0.907651E+02   0.100000E+01
  -0.178559E+01   0.231877E+02   0.231877E+02   0.906157E+02   0.100000E+01
  -0.178198E+01   0.233622E+02   0.233622E+02   0.904666E+02   0.100000E+01
  -0.177838E+01   0.235320E+02   0.235320E+02   0.903181E+02   0.100000E+01
  -0.177477E+01   0.236972E+02   0.236972E+02   0.901701E+02   0.100000E+01
  -0.177117E+01   0.238576E+02   0.238576E+02   0.900227E+02   0.100000E+01
  -0.176757E+01   0.240132E+02   0.240132E+02   0.898760E+02   0.100000E+01
  -0.176396E+01   0.241640E+02   0.241640E+02   0.897300E+02   0.100000E+01
  -0.176036E+01   0.243097E+02   0.243097E+02   0.895848E+02   0.100000E+01
  -0.175676E+01   0.244505E+02   0.244505E+02   0.894404E+02   0.100000E+01
  -0.175315E+01   0.245863E+02   0.245863E+02   0.892970E+02   0.100000E+01
  -0.174955E+01   0.247169E+02   0.247169E+02   0.891545E+02   0.100000E+01
  -0.174595E+01   0.248425E+02   0.248425E+02   0.890131E+02   0.100000E+01
  -0.174234E+01   0.249629E+02   0.249629E+02   0.888727E+02   0.100000E+01
  -0.173874E+01   0.250780E+02   0.250780E+02   0.887335E+02   0.100000E+01
  -0.173514E+01   0.251879E+02   0.251879E+02   0.885955E+02   0.100000E+01
  -0.173153E+01   0.252926E+02   0.252926E+02   0.884588E+02   0.100000E+01
  -0.172793E+01   0.253919E+02   0.253919E+02   0.883234E+02   0.100000E+01
  -0.172432E+01   0.254860E+02   0.254860E+02   0.881893E+02   0.100000E+01
  -0.172072E+01   0.255747E+02   0.255747E+02   0.880567E+02   0.100000E+01
  -0.171712E+01   0.256580E+02   0.256580E+02   0.879256E+02   0.100000E+01
  -0.171351E+01   0.257360E+02   0.257360E+02   0.877961E+02   0.100000E+01
  -0.170991E+01   0.258086E+02   0.258086E+02   0.876681E+02   0.100000E+01
  -0.170631E+01   0.258759E+02   0.258759E+02   0.875418E+02   0.100000E+01
  -0.170270E+01   0.259377E+02   0.259377E+02   0.874172E+02   0.100000E+01
  -0.169910E+01   0.259942E+02   0.259942E+02   0.872943E+02   0.100000E+01
  -0.169550E+01   0.260452E+02   0.260452E+02   0.871733E+02   0.100000E+01
  -0.169189E+01   0.260910E+02   0.260910E+02   0.870541E+02   0.100000E+01
  -0.168829E+01   0.261313E+02   0.261313E+02   0.869368E+02   0.100000E+01
  -0.168468E+01   0.261663E+02   0.261663E+02   0.868214E+02   0.100000E+01
  -0.168108E+01   0.261960E+02   0.261960E+02   0.867081E+02   0.100000E+01
  -0.167748E+01   0.262203E+02   0.262203E+02   0.865967E+02   0.100000E+01
  -0.167387E+01   0.262394E+02   0.262394E+02   0.864875E+02   0.100000E+01
  -0.167027E+01   0.262532E+02   0.262532E+02   0.863803E+02   0.100000E+01
  -0.166667E+01   0.262618E+02   0.262618E+02   0.862753E+02   0.100000E+01
  -0.166306E+01   0.262652E+02   0.262652E+02   0.861725E+02   0.100000E+01
  -0.165946E+01   0.262634E+02   0.262634E+02   0.860719E+02   0.100000E+01
  -0.165586E+01   0.262565E+02   0.262565E+02   0.859736E+02   0.100000E+01
  -0.165225E+01   0.262444E+02   0.262444E+02   0.858776E+02   0.100000E+01
  -0.164865E+01   0.262273E+02   0.262273E+02   0.857839E+02   0.100000E+01
  -0.164505E+01   0.262052E+02   0.262052E+02   0.856926E+02   0.100000E+01
  -0.164144E+01   0.261782E+02   0.261782E+02   0.856036E+02   0.100000E+01
  -0.163784E+01   0.261462E+02   0.261462E+02   0.855171E+02   0.100000E+01
  -0.163423E+01   0.261093E+02   0.261093E+02   0.854330E+02   0.100000E+01
  -0.163063E+01   0.260676E+02   0.260676E+02   0.853514E+02   0.100000E+01
  -0.162703E+01   0.260211E+02   0.260211E+02   0.852723E+02   0.100000E+01
  -0.162342E+01   0.259700E+02   0.259700E+02   0.851956E+02   0.100000E+01
  -0.161982E+01   0.259141E+02   0.259141E+02   0.851216E+02   0.100000E+01
  -0.161622E+01   0.258537E+02   0.258537E+02   0.850500E+02   0.100000E+01
  -0.161261E+01   0.257887E+02   0.257887E+02   0.849811E+02   0.100000E+01
  -0.160901E+01   0.257192E+02   0.257192E+02   0.849147E+02   0.100000E+01
  -0.160541E+01   0.256453E+02   0.256453E+02   0.848510E+02   0.100000E+01
  -0.160180E+01   0.255671E+02   0.255671E+02   0.847898E+02   0.100000E+01
  -0.159820E+01   0.254845E+02   0.254845E+02   0.847313E+02   0.100000E+01
  -0.159459E+01   0.253978E+02   0.253978E+02   0.846755E+02   0.100000E+01
  -0.159099E+01   0.253068E+02   0.253068E+02   0.846223E+02   0.100000E+01
  -0.158739E+01   0.252118E+02   0.252118E+02   0.845717E+02   0.100000E+01
  -0.158378E+01   0.251127E+02   0.251127E+02   0.845239E+02   0.100000E+01
  -0.158018E+01   0.250097E+02   0.250097E+02   0.844787E+02   0.100000E+01
  -0.157658E+01   0.249027E+02   0.249027E+02   0.844362E+02   0.100000E+01
  -0.157297E+01   0.247920E+02   0.247920E+02   0.843964E+02   0.100000E+01
  -0.156937E+01   0.246775E+02   0.246775E+02   0.843593E+02   0.100000E+01
  -0.156577E+01   0.245593E+02   0.245593E+02   0.843249E+02   0.100000E+01
  -0.156216E+01   0.244375E+02   0.244375E+02   0.842933E+02   0.100000E+01
  -0.155856E+01   0.243121E+02   0.243121E+02   0.842643E+02   0.100000E+01
  -0.155495E+01   0.241833E+02   0.241833E+02   0.842381E+02   0.100000E+01
  -0.155135E+01   0.240511E+02   0.240511E+02   0.842145E+02   0.100000E+01
  -0.154775E+01   0.239156E+02   0.239156E+02   0.841937E+02   0.100000E+01
  -0.154414E+01   0.237768E+02   0.237768E+02   0.841756E+02   0.100000E+01
  -0.154054E+01   0.236348E+02   0.236348E+02   0.841603E+02   0.100000E+01
  -0.153694E+01   0.234897E+02   0.234897E+02   0.841476E+02   0.100000E+01
  -0.153333E+01   0.233416E+02   0.233416E+02   0.841377E+02   0.100000E+01
  -0.152973E+01   0.231905E+02   0.231905E+02   0.841304E+02   0.100000E+01
  -0.152613E+01   0.230365E+02   0.230365E+02   0.841259E+02   0.100000E+01
  -0.152252E+01   0.228797E+02   0.228797E+02   0.841241E+02   0.100000E+01
  -0.151892E+01   0.227201E+02   0.227201E+02   0.841249E+02   0.100000E+01
  -0.151532E+01   0.225578E+02   0.225578E+02   0.841285E+02   0.100000E+01
  -0.151171E+01   0.223930E+02   0.223930E+02   0.841348E+02   0.100000E+01
  -0.150811E+01   0.222256E+02   0.222256E+02   0.841438E+02   0.100000E+01
  -0.150450E+01   0.220557E+02   0.220557E+02   0.841554E+02   0.100000E+01
  -0.150090E+01   0.218835E+02   0.218835E+02   0.841697E+02   0.100000E+01
  -0.149730E+01   0.217089E+02   0.217089E+02   0.841867E+02   0.100000E+01
  -0.149369E+01   0.215320E+02   0.215320E+02   0.842064E+02   0.100000E+01
  -0.149009E+01   0.213530E+02   0.213530E+02   0.842288E+02   0.100000E+01
  -0.148649E+01   0.211719E+02   0.211719E+02   0.842538E+02   0.100000E+01
  -0.148288E+01   0.209887E+02   0.209887E+02   0.842814E+02   0.100000E+01
  -0.147928E+01   0.208035E+02   0.208035E+02   0.843117E+02   0.100000E+01
  -0.147568E+01   0.206165E+02   0.206165E+02   0.843446E+02   0.100000E+01
  -0.147207E+01   0.204275E+02   0.204275E+02   0.843802E+02   0.100000E+01
  -0.146847E+01   0.202369E+02   0.202369E+02   0.844184E+02   0.100000E+01
  -0.146486E+01   0.200445E+02   0.200445E+02   0.844592E+02   0.100000E+01
  -0.146126E+01   0.198505E+02   0.198505E+02   0.845026E+02   0.100000E+01
  -0.145766E+01   0.196549E+02   0.196549E+02   0.845486E+02   0.100000E+01
  -0.145405E+01   0.194578E+02   0.194578E+02   0.845972E+02   0.100000E+01
  -0.145045E+01   0.192592E+02   0.192592E+02   0.846484E+02   0.100000E+01
  -0.144685E+01   0.190593E+02   0.190593E+02   0.847021E+02   0.100000E+01
  -0.144324E+01   0.188581E+02   0.188581E+02   0.847584E+02   0.100000E+01
  -0.143964E+01   0.186557E+02   0.186557E+02   0.848173E+02   0.100000E+01
  -0.143604E+01   0.184521E+02   0.184521E+02   0.848787E+02   0.100000E+01
  -0.143243E+01   0.182474E+02   0.182474E+02   0.849426E+02   0.100000E+01
  -0.142883E+01   0.180416E+02   0.180416E+02   0.850091E+02   0.100000E+01
  -0.142523E+01   0.178349E+02   0.178349E+02   0.850780E+02   0.100000E+01
  -0.142162E+01   0.176272E+02   0.176272E+02   0.851495E+02   0.100000E+01
  -0.141802E+01   0.174187E+02   0.174187E+02   0.852234E+02   0.100000E+01
  -0.141441E+01   0.172095E+02   0.172095E+02   0.852997E+02   0.100000E+01
  -0.141081E+01   0.169995E+02   0.169995E+02   0.853786E+02   0.100000E+01
  -0.140721E+01   0.167888E+02   0.167888E+02   0.854598E+02   0.100000E+01
  -0.140360E+01   0.165775E+02   0.165775E+02   0.855435E+02   0.100000E+01
  -0.140000E+01   0.163657E+02   0.163657E+02   0.856295E+02   0.100000E+01
  -0.139640E+01   0.161535E+02   0.161535E+02   0.857180E+02   0.100000E+01
  -0.139279E+01   0.159408E+02   0.159408E+02   0.858087E+02   0.100000E+01
  -0.138919E+01   0.157278E+02   0.157278E+02   0.859019E+02   0.100000E+01
  -0.138559E+01   0.155145E+02   0.155145E+02   0.859973E+02   0.100000E+01
  -0.138198E+01   0.153010E+02   0.153010E+02   0.860950E+02   0.100000E+01
  -0.137838E+01   0.150873E+02   0.150873E+02   0.861950E+02   0.100000E+01
  -0.137477E+01   0.148735E+02   0.148735E+02   0.862972E+02   0.100000E+01
  -0.137117E+01   0.146597E+02   0.146597E+02   0.864016E+02   0.100000E+01
  -0.136757E+01   0.144459E+02   0.144459E+02   0.865083E+02   0.100000E+01
  -0.136396E+01   0.142322E+02   0.142322E+02   0.866171E+02   0.100000E+01
  -0.136036E+01   0.140186E+02   0.140186E+02   0.867280E+02   0.100000E+01
  -0.135676E+01   0.138052E+02   0.138052E+02   0.868410E+02   0.100000E+01
  -0.135315E+01   0.135921E+02   0.135921E+02   0.869560E+02   0.100000E+01
  -0.134955E+01   0.133793E+02   0.133793E+02   0.870731E+02   0.100000E+01
  -0.134595E+01   0.131668E+02   0.131668E+02   0.871922E+02   0.100000E+01
  -0.134234E+01   0.129548E+02   0.129548E+02   0.873133E+02   0.100000E+01
  -0.133874E+01   0.127433E+02   0.127433E+02   0.874362E+02   0.100000E+01
  -0.133514E+01   0.125323E+02   0.125323E+02   0.875611E+02   0.100000E+01
  -0.133153E+01   0.123220E+02   0.123220E+02   0.876878E+02   0.100000E+01
  -0.132793E+01   0.121123E+02   0.121123E+02   0.878163E+02   0.100000E+01
  -0.132432E+01   0.119033E+02   0.119033E+02   0.879465E+02   0.100000E+01
  -0.132072E+01   0.116951E+02   0.116951E+02   0.880784E+02   0.100000E+01
  -0.131712E+01   0.114877E+02   0.114877E+02   0.882121E+02   0.100000E+01
  -0.131351E+01   0.112813E+02   0.112813E+02   0.883473E+02   0.100000E+01
  -0.130991E+01   0.110757E+02   0.110757E+02   0.884841E+02   0.100000E+01
  -0.130631E+01   0.108712E+02   0.108712E+02   0.886224E+02   0.100000E+01
  -0.130270E+01   0.106677E+02   0.106677E+02   0.887622E+02   0.100000E+01
  -0.129910E+01   0.104653E+02   0.104653E+02   0.889034E+02   0.100000E+01
  -0.129550E+01   0.102640E+02   0.102640E+02   0.890459E+02   0.100000E+01
  -0.129189E+01   0.100640E+02   0.100640E+02   0.891898E+02   0.100000E+01
  -0.128829E+01   0.986518E+01   0.986518E+01   0.893349E+02   0.100000E+01
  -0.128468E+01   0.966771E+01   0.966771E+01   0.894812E+02   0.100000E+01
  -0.128108E+01   0.947159E+01   0.947159E+01   0.896287E+02   0.100000E+01
  -0.127748E+01   0.927688E+01   0.927688E+01   0.897772E+02   0.100000E+01
  -0.127387E+01   0.908364E+01   0.908364E+01   0.899267E+02   0.100000E+01
  -0.127027E+01   0.889190E+01   0.889190E+01   0.900772E+02   0.100000E+01
  -0.126667E+01   0.870172E+01   0.870172E+01   0.902286E+02   0.100000E+01
  -0.126306E+01   0.851314E+01   0.851314E+01   0.903808E+02   0.100000E+01
  -0.125946E+01   0.832621E+01   0.832621E+01   0.905338E+02   0.100000E+01
  -0.125586E+01   0.814098E+01   0.814098E+01   0.906874E+02   0.100000E+01
  -0.125225E+01   0.795749E+01   0.795749E+01   0.908417E+02   0.100000E+01
  -0.124865E+01   0.777579E+01   0.777579E+01   0.909966E+02   0.100000E+01
  -0.124505E+01   0.759593E+01   0.759593E+01   0.911520E+02   0.100000E+01
  -0.124144E+01   0.741793E+01   0.741793E+01   0.913078E+02   0.100000E+01
  -0.123784E+01   0.724186E+01   0.724186E+01   0.914640E+02   0.100000E+01
  -0.123423E+01   0.706774E+01   0.706774E+01   0.916205E+02   0.100000E+01
  -0.123063E+01   0.689562E+01   0.689562E+01   0.917772E+02   0.100000E+01
  -0.122703E+01   0.672555E+01   0.672555E+01   0.919341E+02   0.100000E+01
  -0.122342E+01   0.655755E+01   0.655755E+01   0.920911E+02   0.100000E+01
  -0.121982E+01   0.639168E+01   0.639168E+01   0.922481E+02   0.100000E+01
  -0.121622E+01   0.622796E+01   0.622796E+01   0.924051E+02   0.100000E+01
  -0.121261E+01   0.606644E+01   0.606644E+01   0.925619E+02   0.100000E+01
  -0.120901E+01   0.590714E+01   0.590714E+01   0.927186E+02   0.100000E+01
  -0.120541E+01   0.575011E+01   0.575011E+01   0.928751E+02   0.100000E+01
  -0.120180E+01   0.559538E+01   0.559538E+01   0.930313E+02   0.100000E+01
  -0.119820E+01   0.544299E+01   0.544299E+01   0.931870E+02   0.100000E+01
  -0.119459E+01   0.529295E+01   0.529295E+01   0.933424E+02   0.100000E+01
  -0.119099E+01   0.514532E+01   0.514532E+01   0.934972E+02   0.100000E+01
  -0.118739E+01   0.500011E+01   0.500011E+01   0.936514E+02   0.100000E+01
  -0.118378E+01   0.485736E+01   0.485736E+01   0.938050E+02   0.100000E+01
  -0.118018E+01   0.471709E+01   0.471709E+01   0.939579E+02   0.100000E+01
  -0.117658E+01   0.457934E+01   0.457934E+01   0.941101E+02   0.100000E+01
  -0.117297E+01   0.444413E+01   0.444413E+01   0.942614E+02   0.100000E+01
  -0.116937E+01   0.431148E+01   0.431148E+01   0.944118E+02   0.100000E+01
  -0.116577E+01   0.418143E+01   0.418143E+01   0.945612E+02   0.100000E+01
  -0.116216E+01   0.405398E+01   0.405398E+01   0.947096E+02   0.100000E+01
  -0.115856E+01   0.392918E+01   0.392918E+01   0.948570E+02   0.100000E+01
  -0.115495E+01   0.380703E+01   0.380703E+01   0.950032E+02   0.100000E+01
  -0.115135E+01   0.368756E+01   0.368756E+01   0.951483E+02   0.100000E+01
  -0.114775E+01   0.357079E+01   0.357079E+01   0.952921E+02   0.100000E+01
  -0.114414E+01   0.345673E+01   0.345673E+01   0.954345E+02   0.100000E+01
  -0.114054E+01   0.334541E+01   0.334541E+01   0.955757E+02   0.100000E+01
  -0.113694E+01   0.323684E+01   0.323684E+01   0.957154E+02   0.100000E+01
  -0.113333E+01   0.313103E+01   0.313103E+01   0.958537E+02   0.100000E+01
  -0.112973E+01   0.302800E+01   0.302800E+01   0.959904E+02   0.100000E+01
  -0.112613E+01   0.292777E+01   0.292777E+01   0.961256E+02   0.100000E+01
  -0.112252E+01   0.283034E+01   0.283034E+01   0.962592E+02   0.100000E+01
  -0.111892E+01   0.273572E+01   0.273572E+01   0.963912E+02   0.100000E+01
  -0.111532E+01   0.264393E+01   0.264393E+01   0.965214E+02   0.100000E+01
  -0.111171E+01   0.255497E+01   0.255497E+01   0.966499E+02   0.100000E+01
  -0.110811E+01   0.246885E+01   0.246885E+01   0.967766E+02   0.100000E+01
  -0.110450E+01   0.238557E+01   0.238557E+01   0.969015E+02   0.100000E+01
  -0.110090E+01   0.230515E+01   0.230515E+01   0.970246E+02   0.100000E+01
  -0.109730E+01   0.222759E+01   0.222759E+01   0.971457E+02   0.100000E+01
  -0.109369E+01   0.215288E+01   0.215288E+01   0.972649E+02   0.100000E+01
  -0.109009E+01   0.208104E+01   0.208104E+01   0.973822E+02   0.100000E+01
  -0.108649E+01   0.201206E+01   0.201206E+01   0.974974E+02   0.100000E+01
  -0.108288E+01   0.194594E+01   0.194594E+01   0.976107E+02   0.100000E+01
  -0.107928E+01   0.188268E+01   0.188268E+01   0.977218E+02   0.100000E+01
  -0.107568E+01   0.182228E+01   0.182228E+01   0.978309E+02   0.100000E+01
  -0.107207E+01   0.176474E+01   0.176474E+01   0.979379E+02   0.100000E+01
  -0.106847E+01   0.171005E+01   0.171005E+01   0.980427E+02   0.100000E+01
  -0.106486E+01   0.165820E+01   0.165820E+01   0.981454E+02   0.100000E+01
  -0.106126E+01   0.160919E+01   0.160919E+01   0.982458E+02   0.100000E+01
  -0.105766E+01   0.156302E+01   0.156302E+01   0.983441E+02   0.100000E+01
  -0.105405E+01   0.151966E+01   0.151966E+01   0.984402E+02   0.100000E+01
  -0.105045E+01   0.147912E+01   0.147912E+01   0.985340E+02   0.100000E+01
  -0.104685E+01   0.144139E+01   0.144139E+01   0.986256E+02   0.100000E+01
  -0.104324E+01   0.140644E+01   0.140644E+01   0.987149E+02   0.100000E+01
  -0.103964E+01   0.137427E+01   0.137427E+01   0.988019E+02   0.100000E+01
  -0.103604E+01   0.134487E+01   0.134487E+01   0.988866E+02   0.100000E+01
  -0.103243E+01   0.131822E+01   0.131822E+01   0.989691E+02   0.100000E+01
  -0.102883E+01   0.129431E+01   0.129431E+01   0.990492E+02   0.100000E+01
  -0.102523E+01   0.127311E+01   0.127311E+01   0.991270E+02   0.100000E+01
  -0.102162E+01   0.125462E+01   0.125462E+01   0.992025E+02   0.100000E+01
  -0.101802E+01   0.123881E+01   0.123881E+01   0.992757E+02   0.100000E+01
  -0.101441E+01   0.122566E+01   0.122566E+01   0.993466E+02   0.100000E+01
  -0.101081E+01   0.121516E+01   0.121516E+01   0.994151E+02   0.100000E+01
  -0.100721E+01   0.120729E+01   0.120729E+01   0.994813E+02   0.100000E+01
  -0.100360E+01   0.120202E+01   0.120202E+01   0.995453E+02   0.100000E+01
  -0.100000E+01   0.119934E+01   0.119934E+01   0.996069E+02   0.100000E+01
  -0.996396E+00   0.119921E+01   0.119921E+01   0.996662E+02   0.100000E+01
  -0.992793E+00   0.120162E+01   0.120162E+01   0.997232E+02   0.100000E+01
  -0.989189E+00   0.120654E+01   0.120654E+01   0.997779E+02   0.100000E+01
  -0.985586E+00   0.121394E+01   0.121394E+01   0.998303E+02   0.100000E+01
  -0.981982E+00   0.122381E+01   0.122381E+01   0.998805E+02   0.100000E+01
  -0.978378E+00   0.123611E+01   0.123611E+01   0.999285E+02   0.100000E+01
  -0.974775E+00   0.125082E+01   0.125082E+01   0.999742E+02   0.100000E+01
  -0.971171E+00   0.126791E+01   0.126791E+01   0.100018E+03   0.100000E+01
  -0.967568E+00   0.128736E+01   0.128736E+01   0.100059E+03   0.100000E+01
  -0.963964E+00   0.130913E+01   0.130913E+01   0.100098E+03   0.100000E+01
  -0.960360E+00   0.133319E+01   0.133319E+01   0.100135E+03   0.100000E+01
  -0.956757E+00   0.135952E+01   0.135952E+01   0.100170E+03   0.100000E+01
  -0.953153E+00   0.138809E+01   0.138809E+01   0.100203E+03   0.100000E+01
  -0.949550E+00   0.141886E+01   0.141886E+01   0.100233E+03   0.100000E+01
  -0.945946E+00   0.145180E+01   0.145180E+01   0.100262E+03   0.100000E+01
  -0.942342E+00   0.148689E+01   0.148689E+01   0.100288E+03   0.100000E+01
  -0.938739E+00   0.152410E+01   0.152410E+01   0.100313E+03   0.100000E+01
  -0.935135E+00   0.156338E+01   0.156338E+01   0.100336E+03   0.100000E+01
  -0.931532E+00   0.160471E+01   0.160471E+01   0.100356E+03   0.100000E+01
  -0.927928E+00   0.164805E+01   0.164805E+01   0.100375E+03   0.100000E+01
  -0.924324E+00   0.169338E+01   0.169338E+01   0.100392E+03   0.100000E+01
  -0.920721E+00   0.174065E+01   0.174065E+01   0.100407E+03   0.100000E+01
  -0.917117E+00   0.178984E+01   0.178984E+01   0.100421E+03   0.100000E+01
  -0.913514E+00   0.184092E+01   0.184092E+01   0.100432E+03   0.100000E+01
  -0.909910E+00   0.189384E+01   0.189384E+01   0.100442E+03   0.100000E+01
  -0.906306E+00   0.194857E+01   0.194857E+01   0.100450E+03   0.100000E+01
  -0.902703E+00   0.200509E+01   0.200509E+01   0.100457E+03   0.100000E+01
  -0.899099E+00   0.206335E+01   0.206335E+01   0.100462E+03   0.100000E+01
  -0.895495E+00   0.212333E+01   0.212333E+01   0.100466E+03   0.100000E+01
  -0.891892E+00   0.218498E+01   0.218498E+01   0.100468E+03   0.100000E+01
  -0.888288E+00   0.224828E+01   0.224828E+01   0.100468E+03   0.100000E+01
  -0.884685E+00   0.231318E+01   0.231318E+01   0.100468E+03   0.100000E+01
  -0.881081E+00   0.237966E+01   0.237966E+01   0.100466E+03   0.100000E+01
  -0.877477E+00   0.244768E+01   0.244768E+01   0.100463E+03   0.100000E+01
  -0.873874E+00   0.251720E+01   0.251720E+01   0.100458E+03   0.100000E+01
  -0.870270E+00   0.258819E+01   0.258819E+01   0.100453E+03   0.100000E+01
  -0.866667E+00   0.266061E+01   0.266061E+01   0.100446E+03   0.100000E+01
  -0.863063E+00   0.273444E+01   0.273444E+01   0.100438E+03   0.100000E+01
  -0.859459E+00   0.280963E+01   0.280963E+01   0.100430E+03   0.100000E+01
  -0.855856E+00   0.288616E+01   0.288616E+01   0.100420E+03   0.100000E+01
  -0.852252E+00   0.296398E+01   0.296398E+01   0.100410E+03   0.100000E+01
  -0.848649E+00   0.304306E+01   0.304306E+01   0.100399E+03   0.100000E+01
  -0.845045E+00   0.312338E+01   0.312338E+01   0.100387E+03   0.100000E+01
  -0.841441E+00   0.320488E+01   0.320488E+01   0.100374E+03   0.100000E+01
  -0.837838E+00   0.328755E+01   0.328755E+01   0.100361E+03   0.100000E+01
  -0.834234E+00   0.337134E+01   0.337134E+01   0.100347E+03   0.100000E+01
  -0.830631E+00   0.345623E+01   0.345623E+01   0.100333E+03   0.100000E+01
  -0.827027E+00   0.354217E+01   0.354217E+01   0.100319E+03   0.100000E+01
  -0.823423E+00   0.362914E+01   0.362914E+01   0.100304E+03   0.100000E+01
  -0.819820E+00   0.371711E+01   0.371711E+01   0.100289E+03   0.100000E+01
  -0.816216E+00   0.380603E+01   0.380603E+01   0.100274E+03   0.100000E+01
  -0.812613E+00   0.389587E+01   0.389587E+01   0.100258E+03   0.100000E+01
  -0.809009E+00   0.398661E+01   0.398661E+01   0.100243E+03   0.100000E+01
  -0.805405E+00   0.407821E+01   0.407821E+01   0.100227E+03   0.100000E+01
  -0.801802E+00   0.417064E+01   0.417064E+01   0.100212E+03   0.100000E+01
  -0.798198E+00   0.426387E+01   0.426387E+01   0.100197E+03   0.100000E+01
  -0.794595E+00   0.435785E+01   0.435785E+01   0.100182E+03   0.100000E+01
  -0.790991E+00   0.445257E+01   0.445257E+01   0.100167E+03   0.100000E+01
  -0.787387E+00   0.454799E+01   0.454799E+01   0.100152E+03   0.100000E+01
  -0.783784E+00   0.464408E+01   0.464408E+01   0.100138E+03   0.100000E+01
  -0.780180E+00   0.474081E+01   0.474081E+01   0.100125E+03   0.100000E+01
  -0.776577E+00   0.483815E+01   0.483815E+01   0.100112E+03   0.100000E+01
  -0.772973E+00   0.493606E+01   0.493606E+01   0.100099E+03   0.100000E+01
  -0.769369E+00   0.503452E+01   0.503452E+01   0.100088E+03   0.100000E+01
  -0.765766E+00   0.513349E+01   0.513349E+01   0.100076E+03   0.100000E+01
  -0.762162E+00   0.523295E+01   0.523295E+01   0.100066E+03   0.100000E+01
  -0.758559E+00   0.533287E+01   0.533287E+01   0.100057E+03   0.100000E+01
  -0.754955E+00   0.543322E+01   0.543322E+01   0.100048E+03   0.100000E+01
  -0.751351E+00   0.553397E+01   0.553397E+01   0.100040E+03   0.100000E+01
  -0.747748E+00   0.563509E+01   0.563509E+01   0.100034E+03   0.100000E+01
  -0.744144E+00   0.573655E+01   0.573655E+01   0.100028E+03   0.100000E+01
  -0.740541E+00   0.583833E+01   0.583833E+01   0.100024E+03   0.100000E+01
  -0.736937E+00   0.594040E+01   0.594040E+01   0.100020E+03   0.100000E+01
  -0.733333E+00   0.604272E+01   0.604272E+01   0.100018E+03   0.100000E+01
  -0.729730E+00   0.614528E+01   0.614528E+01   0.100017E+03   0.100000E+01
  -0.726126E+00   0.624805E+01   0.624805E+01   0.100017E+03   0.100000E+01
  -0.722523E+00   0.635101E+01   0.635101E+01   0.100019E+03   0.100000E+01
  -0.718919E+00   0.645412E+01   0.645412E+01   0.100022E+03   0.100000E+01
  -0.715315E+00   0.655736E+01   0.655736E+01   0.100026E+03   0.100000E+01
  -0.711712E+00   0.666070E+01   0.666070E+01   0.100032E+03   0.100000E+01
  -0.708108E+00   0.676414E+01   0.676414E+01   0.100039E+03   0.100000E+01
  -0.704505E+00   0.686763E+01   0.686763E+01   0.100047E+03   0.100000E+01
  -0.700901E+00   0.697115E+01   0.697115E+01   0.100057E+03   0.100000E+01
  -0.697297E+00   0.707470E+01   0.707470E+01   0.100069E+03   0.100000E+01
  -0.693694E+00   0.717823E+01   0.717823E+01   0.100082E+03   0.100000E+01
  -0.690090E+00   0.728173E+01   0.728173E+01   0.100096E+03   0.100000E+01
  -0.686486E+00   0.738518E+01   0.738518E+01   0.100112E+03   0.100000E+01
  -0.682883E+00   0.748856E+01   0.748856E+01   0.100130E+03   0.100000E+01
  -0.679279E+00   0.759185E+01   0.759185E+01   0.100149E+03   0.100000E+01
  -0.675676E+00   0.769503E+01   0.769503E+01   0.100170E+03   0.100000E+01
  -0.672072E+00   0.779808E+01   0.779808E+01   0.100192E+03   0.100000E+01
  -0.668468E+00   0.790097E+01   0.790097E+01   0.100215E+03   0.100000E+01
  -0.664865E+00   0.800371E+01   0.800371E+01   0.100241E+03   0.100000E+01
  -0.661261E+00   0.810626E+01   0.810626E+01   0.100267E+03   0.100000E+01
  -0.657658E+00   0.820861E+01   0.820861E+01   0.100295E+03   0.100000E+01
  -0.654054E+00   0.831075E+01   0.831075E+01   0.100325E+03   0.100000E+01
  -0.650450E+00   0.841265E+01   0.841265E+01   0.100356E+03   0.100000E+01
  -0.646847E+00   0.851432E+01   0.851432E+01   0.100388E+03   0.100000E+01
  -0.643243E+00   0.861572E+01   0.861572E+01   0.100422E+03   0.100000E+01
  -0.639640E+00   0.871685E+01   0.871685E+01   0.100457E+03   0.100000E+01
  -0.636036E+00   0.881771E+01   0.881771E+01   0.100494E+03   0.100000E+01
  -0.632432E+00   0.891826E+01   0.891826E+01   0.100531E+03   0.100000E+01
  -0.628829E+00   0.901851E+01   0.901851E+01   0.100570E+03   0.100000E+01
  -0.625225E+00   0.911844E+01   0.911844E+01   0.100610E+03   0.100000E+01
  -0.621622E+00   0.921805E+01   0.921805E+01   0.100651E+03   0.100000E+01
  -0.618018E+00   0.931733E+01   0.931733E+01   0.100694E+03   0.100000E+01
  -0.614414E+00   0.941626E+01   0.941626E+01   0.100737E+03   0.100000E+01
  -0.610811E+00   0.951484E+01   0.951484E+01   0.100781E+03   0.100000E+01
  -0.607207E+00   0.961307E+01   0.961307E+01   0.100826E+03   0.100000E+01
  -0.603604E+00   0.971094E+01   0.971094E+01   0.100872E+03   0.100000E+01
  -0.600000E+00   0.980844E+01   0.980844E+01   0.100919E+03   0.100000E+01
  -0.596396E+00   0.990556E+01   0.990556E+01   0.100966E+03   0.100000E+01
  -0.592793E+00   0.100023E+02   0.100023E+02   0.101014E+03   0.100000E+01
  -0.589189E+00   0.100987E+02   0.100987E+02   0.101063E+03   0.100000E+01
  -0.585586E+00   0.101947E+02   0.101947E+02   0.101112E+03   0.100000E+01
  -0.581982E+00   0.102903E+02   0.102903E+02   0.101161E+03   0.100000E+01
  -0.578378E+00   0.103855E+02   0.103855E+02   0.101211E+03   0.100000E+01
  -0.574775E+00   0.104804E+02   0.104804E+02   0.101261E+03   0.100000E+01
  -0.571171E+00   0.105749E+02   0.105749E+02   0.101311E+03   0.100000E+01
  -0.567568E+00   0.106689E+02   0.106689E+02   0.101362E+03   0.100000E+01
  -0.563964E+00   0.107627E+02   0.107627E+02   0.101412E+03   0.100000E+01
  -0.560360E+00   0.108560E+02   0.108560E+02   0.101462E+03   0.100000E+01
  -0.556757E+00   0.109490E+02   0.109490E+02   0.101512E+03   0.100000E+01
  -0.553153E+00   0.110416E+02   0.110416E+02   0.101562E+03   0.100000E+01
  -0.549550E+00   0.111338E+02   0.111338E+02   0.101612E+03   0.100000E+01
  -0.545946E+00   0.112256E+02   0.112256E+02   0.101661E+03   0.100000E+01
  -0.542342E+00   0.113172E+02   0.113172E+02   0.101710E+03   0.100000E+01
  -0.538739E+00   0.114083E+02   0.114083E+02   0.101758E+03   0.100000E+01
  -0.535135E+00   0.114991E+02   0.114991E+02   0.101806E+03   0.100000E+01
  -0.531532E+00   0.115896E+02   0.115896E+02   0.101853E+03   0.100000E+01
  -0.527928E+00   0.116798E+02   0.116798E+02   0.101899E+03   0.100000E+01
  -0.524324E+00   0.117696E+02   0.117696E+02   0.101944E+03   0.100000E+01
  -0.520721E+00   0.118592E+02   0.118592E+02   0.101988E+03   0.100000E+01
  -0.517117E+00   0.119484E+02   0.119484E+02   0.102031E+03   0.100000E+01
  -0.513514E+00   0.120373E+02   0.120373E+02   0.102073E+03   0.100000E+01
  -0.509910E+00   0.121259E+02   0.121259E+02   0.102114E+03   0.100000E+01
  -0.506306E+00   0.122143E+02   0.122143E+02   0.102154E+03   0.100000E+01
  -0.502703E+00   0.123024E+02   0.123024E+02   0.102192E+03   0.100000E+01
  -0.499099E+00   0.123902E+02   0.123902E+02   0.102229E+03   0.100000E+01
  -0.495495E+00   0.124778E+02   0.124778E+02   0.102264E+03   0.100000E+01
  -0.491892E+00   0.125651E+02   0.125651E+02   0.102298E+03   0.100000E+01
  -0.488288E+00   0.126522E+02   0.126522E+02   0.102330E+03   0.100000E+01
  -0.484685E+00   0.127391E+02   0.127391E+02   0.102361E+03   0.100000E+01
  -0.481081E+00   0.128258E+02   0.128258E+02   0.102390E+03   0.100000E+01
  -0.477477E+00   0.129122E+02   0.129122E+02   0.102417E+03   0.100000E+01
  -0.473874E+00   0.129985E+02   0.129985E+02   0.102443E+03   0.100000E+01
  -0.470270E+00   0.130846E+02   0.130846E+02   0.102466E+03   0.100000E+01
  -0.466667E+00   0.131705E+02   0.131705E+02   0.102488E+03   0.100000E+01
  -0.463063E+00   0.132563E+02   0.132563E+02   0.102508E+03   0.100000E+01
  -0.459459E+00   0.133419E+02   0.133419E+02   0.102526E+03   0.100000E+01
  -0.455856E+00   0.134274E+02   0.134274E+02   0.102541E+03   0.100000E+01
  -0.452252E+00   0.135127E+02   0.135127E+02   0.102555E+03   0.100000E+01
  -0.448649E+00   0.135979E+02   0.135979E+02   0.102567E+03   0.100000E+01
  -0.445045E+00   0.136829E+02   0.136829E+02   0.102577E+03   0.100000E+01
  -0.441441E+00   0.137679E+02   0.137679E+02   0.102584E+03   0.100000E+01
  -0.437838E+00   0.138527E+02   0.138527E+02   0.102589E+03   0.100000E+01
  -0.434234E+00   0.139374E+02   0.139374E+02   0.102593E+03   0.100000E+01
  -0.430631E+00   0.140221E+02   0.140221E+02   0.102594E+03   0.100000E+01
  -0.427027E+00   0.141066E+02   0.141066E+02   0.102593E+03   0.100000E+01
  -0.423423E+00   0.141911E+02   0.141911E+02   0.102590E+03   0.100000E+01
  -0.419820E+00   0.142755E+02   0.142755E+02   0.102584E+03   0.100000E+01
  -0.416216E+00   0.143598E+02   0.143598E+02   0.102577E+03   0.100000E+01
  -0.412613E+00   0.144440E+02   0.144440E+02   0.102568E+03   0.100000E+01
  -0.409009E+00   0.145281E+02   0.145281E+02   0.102556E+03   0.100000E+01
  -0.405405E+00   0.146122E+02   0.146122E+02   0.102542E+03   0.100000E+01
  -0.401802E+00   0.146962E+02   0.146962E+02   0.102526E+03   0.100000E+01
  -0.398198E+00   0.147802E+02   0.147802E+02   0.102509E+03   0.100000E+01
  -0.394595E+00   0.148640E+02   0.148640E+02   0.102489E+03   0.100000E+01
  -0.390991E+00   0.149478E+02   0.149478E+02   0.102467E+03   0.100000E+01
  -0.387387E+00   0.150315E+02   0.150315E+02   0.102443E+03   0.100000E+01
  -0.383784E+00   0.151152E+02   0.151152E+02   0.102417E+03   0.100000E+01
  -0.380180E+00   0.151988E+02   0.151988E+02   0.102390E+03   0.100000E+01
  -0.376577E+00   0.152822E+02   0.152822E+02   0.102360E+03   0.100000E+01
  -0.372973E+00   0.153656E+02   0.153656E+02   0.102329E+03   0.100000E+01
  -0.369369E+00   0.154490E+02   0.154490E+02   0.102296E+03   0.100000E+01
  -0.365766E+00   0.155322E+02   0.155322E+02   0.102262E+03   0.100000E+01
  -0.362162E+00   0.156153E+02   0.156153E+02   0.102225E+03   0.100000E+01
  -0.358559E+00   0.156982E+02   0.156982E+02   0.102188E+03   0.100000E+01
  -0.354955E+00   0.157811E+02   0.157811E+02   0.102148E+03   0.100000E+01
  -0.351351E+00   0.158638E+02   0.158638E+02   0.102107E+03   0.100000E+01
  -0.347748E+00   0.159464E+02   0.159464E+02   0.102065E+03   0.100000E+01
  -0.344144E+00   0.160289E+02   0.160289E+02   0.102022E+03   0.100000E+01
  -0.340541E+00   0.161111E+02   0.161111E+02   0.101977E+03   0.100000E+01
  -0.336937E+00   0.161932E+02   0.161932E+02   0.101931E+03   0.100000E+01
  -0.333333E+00   0.162751E+02   0.162751E+02   0.101884E+03   0.100000E+01
  -0.329730E+00   0.163569E+02   0.163569E+02   0.101836E+03   0.100000E+01
  -0.326126E+00   0.164383E+02   0.164383E+02   0.101786E+03   0.100000E+01
  -0.322523E+00   0.165196E+02   0.165196E+02   0.101736E+03   0.100000E+01
  -0.318919E+00   0.166006E+02   0.166006E+02   0.101686E+03   0.100000E+01
  -0.315315E+00   0.166814E+02   0.166814E+02   0.101634E+03   0.100000E+01
  -0.311712E+00   0.167618E+02   0.167618E+02   0.101582E+03   0.100000E+01
  -0.308108E+00   0.168420E+02   0.168420E+02   0.101529E+03   0.100000E+01
  -0.304505E+00   0.169219E+02   0.169219E+02   0.101475E+03   0.100000E+01
  -0.300901E+00   0.170014E+02   0.170014E+02   0.101421E+03   0.100000E+01
  -0.297297E+00   0.170806E+02   0.170806E+02   0.101367E+03   0.100000E+01
  -0.293694E+00   0.171594E+02   0.171594E+02   0.101313E+03   0.100000E+01
  -0.290090E+00   0.172378E+02   0.172378E+02   0.101258E+03   0.100000E+01
  -0.286486E+00   0.173158E+02   0.173158E+02   0.101203E+03   0.100000E+01
  -0.282883E+00   0.173934E+02   0.173934E+02   0.101148E+03   0.100000E+01
  -0.279279E+00   0.174705E+02   0.174705E+02   0.101093E+03   0.100000E+01
  -0.275676E+00   0.175471E+02   0.175471E+02   0.101038E+03   0.100000E+01
  -0.272072E+00   0.176233E+02   0.176233E+02   0.100983E+03   0.100000E+01
  -0.268468E+00   0.176990E+02   0.176990E+02   0.100929E+03   0.100000E+01
  -0.264865E+00   0.177741E+02   0.177741E+02   0.100875E+03   0.100000E+01
  -0.261261E+00   0.178486E+02   0.178486E+02   0.100821E+03   0.100000E+01
  -0.257658E+00   0.179226E+02   0.179226E+02   0.100767E+03   0.100000E+01
  -0.254054E+00   0.179960E+02   0.179960E+02   0.100715E+03   0.100000E+01
  -0.250450E+00   0.180687E+02   0.180687E+02   0.100662E+03   0.100000E+01
  -0.246847E+00   0.181409E+02   0.181409E+02   0.100611E+03   0.100000E+01
  -0.243243E+00   0.182123E+02   0.182123E+02   0.100560E+03   0.100000E+01
  -0.239640E+00   0.182831E+02   0.182831E+02   0.100510E+03   0.100000E+01
  -0.236036E+00   0.183531E+02   0.183531E+02   0.100460E+03   0.100000E+01
  -0.232432E+00   0.184225E+02   0.184225E+02   0.100412E+03   0.100000E+01
  -0.228829E+00   0.184910E+02   0.184910E+02   0.100364E+03   0.100000E+01
  -0.225225E+00   0.185588E+02   0.185588E+02   0.100318E+03   0.100000E+01
  -0.221622E+00   0.186259E+02   0.186259E+02   0.100272E+03   0.100000E+01
  -0.218018E+00   0.186921E+02   0.186921E+02   0.100228E+03   0.100000E+01
  -0.214414E+00   0.187574E+02   0.187574E+02   0.100185E+03   0.100000E+01
  -0.210811E+00   0.188219E+02   0.188219E+02   0.100143E+03   0.100000E+01
  -0.207207E+00   0.188856E+02   0.188856E+02   0.100102E+03   0.100000E+01
  -0.203604E+00   0.189483E+02   0.189483E+02   0.100063E+03   0.100000E+01
  -0.200000E+00   0.190101E+02   0.190101E+02   0.100024E+03   0.100000E+01
  -0.196396E+00   0.190710E+02   0.190710E+02   0.999877E+02   0.100000E+01
  -0.192793E+00   0.191310E+02   0.191310E+02   0.999524E+02   0.100000E+01
  -0.189189E+00   0.191899E+02   0.191899E+02   0.999185E+02   0.100000E+01
  -0.185586E+00   0.192479E+02   0.192479E+02   0.998861E+02   0.100000E+01
  -0.181982E+00   0.193049E+02   0.193049E+02   0.998552E+02   0.100000E+01
  -0.178378E+00   0.193609E+02   0.193609E+02   0.998259E+02   0.100000E+01
  -0.174775E+00   0.194158E+02   0.194158E+02   0.997981E+02   0.100000E+01
  -0.171171E+00   0.194697E+02   0.194697E+02   0.997719E+02   0.100000E+01
  -0.167568E+00   0.195226E+02   0.195226E+02   0.997473E+02   0.100000E+01
  -0.163964E+00   0.195743E+02   0.195743E+02   0.997244E+02   0.100000E+01
  -0.160360E+00   0.196250E+02   0.196250E+02   0.997031E+02   0.100000E+01
  -0.156757E+00   0.196745E+02   0.196745E+02   0.996834E+02   0.100000E+01
  -0.153153E+00   0.197230E+02   0.197230E+02   0.996655E+02   0.100000E+01
  -0.149550E+00   0.197703E+02   0.197703E+02   0.996492E+02   0.100000E+01
  -0.145946E+00   0.198165E+02   0.198165E+02   0.996347E+02   0.100000E+01
  -0.142342E+00   0.198615E+02   0.198615E+02   0.996218E+02   0.100000E+01
  -0.138739E+00   0.199053E+02   0.199053E+02   0.996107E+02   0.100000E+01
  -0.135135E+00   0.199480E+02   0.199480E+02   0.996013E+02   0.100000E+01
  -0.131532E+00   0.199896E+02   0.199896E+02   0.995937E+02   0.100000E+01
  -0.127928E+00   0.200299E+02   0.200299E+02   0.995878E+02   0.100000E+01
  -0.124324E+00   0.200690E+02   0.200690E+02   0.995836E+02   0.100000E+01
  -0.120721E+00   0.201070E+02   0.201070E+02   0.995811E+02   0.100000E+01
  -0.117117E+00   0.201437E+02   0.201437E+02   0.995804E+02   0.100000E+01
  -0.113514E+00   0.201792E+02   0.201792E+02   0.995814E+02   0.100000E+01
  -0.109910E+00   0.202135E+02   0.202135E+02   0.995841E+02   0.100000E+01
  -0.106306E+00   0.202466E+02   0.202466E+02   0.995886E+02   0.100000E+01
  -0.102703E+00   0.202785E+02   0.202785E+02   0.995947E+02   0.100000E+01
  -0.990991E-01   0.203091E+02   0.203091E+02   0.996026E+02   0.100000E+01
  -0.954955E-01   0.203385E+02   0.203385E+02   0.996121E+02   0.100000E+01
  -0.918919E-01   0.203666E+02   0.203666E+02   0.996233E+02   0.100000E+01
  -0.882883E-01   0.203935E+02   0.203935E+02   0.996362E+02   0.100000E+01
  -0.846847E-01   0.204192E+02   0.204192E+02   0.996507E+02   0.100000E+01
  -0.810811E-01   0.204437E+02   0.204437E+02   0.996669E+02   0.100000E+01
  -0.774775E-01   0.204669E+02   0.204669E+02   0.996847E+02   0.100000E+01
  -0.738739E-01   0.204888E+02   0.204888E+02   0.997040E+02   0.100000E+01
  -0.702703E-01   0.205095E+02   0.205095E+02   0.997250E+02   0.100000E+01
  -0.666667E-01   0.205290E+02   0.205290E+02   0.997475E+02   0.100000E+01
  -0.630631E-01   0.205473E+02   0.205473E+02   0.997716E+02   0.100000E+01
  -0.594595E-01   0.205643E+02   0.205643E+02   0.997972E+02   0.100000E+01
  -0.558559E-01   0.205800E+02   0.205800E+02   0.998242E+02   0.100000E+01
  -0.522523E-01   0.205946E+02   0.205946E+02   0.998528E+02   0.100000E+01
  -0.486486E-01   0.206079E+02   0.206079E+02   0.998828E+02   0.100000E+01
  -0.450450E-01   0.206199E+02   0.206199E+02   0.999142E+02   0.100000E+01
  -0.414414E-01   0.206308E+02   0.206308E+02   0.999471E+02   0.100000E+01
  -0.378378E-01   0.206404E+02   0.206404E+02   0.999813E+02   0.100000E+01
  -0.342342E-01   0.206487E+02   0.206487E+02   0.100017E+03   0.100000E+01
  -0.306306E-01   0.206559E+02   0.206559E+02   0.100054E+03   0.100000E+01
  -0.270270E-01   0.206619E+02   0.206619E+02   0.100092E+03   0.100000E+01
  -0.234234E-01   0.206666E+02   0.206666E+02   0.100132E+03   0.100000E+01
  -0.198198E-01   0.206701E+02   0.206701E+02   0.100172E+03   0.100000E+01
  -0.162162E-01   0.206725E+02   0.206725E+02   0.100214E+03   0.100000E+01
  -0.126126E-01   0.206736E+02   0.206736E+02   0.100257E+03   0.100000E+01
  -0.900901E-02   0.206735E+02   0.206735E+02   0.100302E+03   0.100000E+01
  -0.540541E-02   0.206722E+02   0.206722E+02   0.100347E+03   0.100000E+01
  -0.180180E-02   0.206697E+02   0.206697E+02   0.100393E+03   0.100000E+01
   0.180180E-02   0.206661E+02   0.206661E+02   0.100441E+03   0.100000E+01
   0.540541E-02   0.206612E+02   0.206612E+02   0.100490E+03   0.100000E+01
   0.900901E-02   0.206552E+02   0.206552E+02   0.100539E+03   0.100000E+01
   0.126126E-01   0.206480E+02   0.206480E+02   0.100590E+03   0.100000E+01
   0.162162E-01   0.206396E+02   0.206396E+02   0.100641E+03   0.100000E+01
   0.198198E-01   0.206300E+02   0.206300E+02   0.100693E+03   0.100000E+01
   0.234234E-01   0.206193E+02   0.206193E+02   0.100747E+03   0.100000E+01
   0.270270E-01   0.206074E+02   0.206074E+02   0.100801E+03   0.100000E+01
   0.306306E-01   0.205943E+02   0.205943E+02   0.100855E+03   0.100000E+01
   0.342342E-01   0.205801E+02   0.205801E+02   0.100911E+03   0.100000E+01
   0.378378E-01   0.205647E+02   0.205647E+02   0.100967E+03   0.100000E+01
   0.414414E-01   0.205482E+02   0.205482E+02   0.101024E+03   0.100000E+01
   0.450450E-01   0.205305E+02   0.205305E+02   0.101082E+03   0.100000E+01
   0.486486E-01   0.205116E+02   0.205116E+02   0.101140E+03   0.100000E+01
   0.522523E-01   0.204916E+02   0.204916E+02   0.101198E+03   0.100000E+01
   0.558559E-01   0.204704E+02   0.204704E+02   0.101258E+03   0.100000E+01
   0.594595E-01   0.204481E+02   0.204481E+02   0.101317E+03   0.100000E+01
   0.630631E-01   0.204247E+02   0.204247E+02   0.101377E+03   0.100000E+01
   0.666667E-01   0.204001E+02   0.204001E+02   0.101438E+03   0.100000E+01
   0.702703E-01   0.203743E+02   0.203743E+02   0.101498E+03   0.100000E+01
   0.738739E-01   0.203475E+02   0.203475E+02   0.101559E+03   0.100000E+01
   0.774775E-01   0.203194E+02   0.203194E+02   0.101621E+03   0.100000E+01
   0.810811E-01   0.202903E+02   0.202903E+02   0.101682E+03   0.100000E+01
   0.846847E-01   0.202599E+02   0.202599E+02   0.101743E+03   0.100000E+01
   0.882883E-01   0.202285E+02   0.202285E+02   0.101805E+03   0.100000E+01
   0.918919E-01   0.201959E+02   0.201959E+02   0.101867E+03   0.100000E+01
   0.954955E-01   0.201622E+02   0.201622E+02   0.101929E+03   0.100000E+01
   0.990991E-01   0.201273E+02   0.201273E+02   0.101990E+03   0.100000E+01
   0.102703E+00   0.200913E+02   0.200913E+02   0.102052E+03   0.100000E+01
   0.106306E+00   0.200542E+02   0.200542E+02   0.102113E+03   0.100000E+01
   0.109910E+00   0.200159E+02   0.200159E+02   0.102174E+03   0.100000E+01
   0.113514E+00   0.199765E+02   0.199765E+02   0.102235E+03   0.100000E+01
   0.117117E+00   0.199359E+02   0.199359E+02   0.102296E+03   0.100000E+01
   0.120721E+00   0.198942E+02   0.198942E+02   0.102356E+03   0.100000E+01
   0.124324E+00   0.198514E+02   0.198514E+02   0.102416E+03   0.100000E+01
   0.127928E+00   0.198075E+02   0.198075E+02   0.102475E+03   0.100000E+01
   0.131532E+00   0.197624E+02   0.197624E+02   0.102534E+03   0.100000E+01
   0.135135E+00   0.197162E+02   0.197162E+02   0.102592E+03   0.100000E+01
   0.138739E+00   0.196688E+02   0.196688E+02   0.102650E+03   0.100000E+01
   0.142342E+00   0.196204E+02   0.196204E+02   0.102707E+03   0.100000E+01
   0.145946E+00   0.195708E+02   0.195708E+02   0.102763E+03   0.100000E+01
   0.149550E+00   0.195200E+02   0.195200E+02   0.102818E+03   0.100000E+01
   0.153153E+00   0.194682E+02   0.194682E+02   0.102873E+03   0.100000E+01
   0.156757E+00   0.194152E+02   0.194152E+02   0.102926E+03   0.100000E+01
   0.160360E+00   0.193612E+02   0.193612E+02   0.102979E+03   0.100000E+01
   0.163964E+00   0.193060E+02   0.193060E+02   0.103030E+03   0.100000E+01
   0.167568E+00   0.192497E+02   0.192497E+02   0.103080E+03   0.100000E+01
   0.171171E+00   0.191923E+02   0.191923E+02   0.103130E+03   0.100000E+01
   0.174775E+00   0.191338E+02   0.191338E+02   0.103178E+03   0.100000E+01
   0.178378E+00   0.190741E+02   0.190741E+02   0.103224E+03   0.100000E+01
   0.181982E+00   0.190135E+02   0.190135E+02   0.103270E+03   0.100000E+01
   0.185586E+00   0.189517E+02   0.189517E+02   0.103314E+03   0.100000E+01
   0.189189E+00   0.188888E+02   0.188888E+02   0.103356E+03   0.100000E+01
   0.192793E+00   0.188249E+02   0.188249E+02   0.103397E+03   0.100000E+01
   0.196396E+00   0.187599E+02   0.187599E+02   0.103436E+03   0.100000E+01
   0.200000E+00   0.186938E+02   0.186938E+02   0.103474E+03   0.100000E+01
   0.203604E+00   0.186267E+02   0.186267E+02   0.103510E+03   0.100000E+01
   0.207207E+00   0.185586E+02   0.185586E+02   0.103544E+03   0.100000E+01
   0.210811E+00   0.184894E+02   0.184894E+02   0.103577E+03   0.100000E+01
   0.214414E+00   0.184192E+02   0.184192E+02   0.103608E+03   0.100000E+01
   0.218018E+00   0.183480E+02   0.183480E+02   0.103636E+03   0.100000E+01
   0.221622E+00   0.182757E+02   0.182757E+02   0.103663E+03   0.100000E+01
   0.225225E+00   0.182025E+02   0.182025E+02   0.103688E+03   0.100000E+01
   0.228829E+00   0.181284E+02   0.181284E+02   0.103711E+03   0.100000E+01
   0.232432E+00   0.180532E+02   0.180532E+02   0.103731E+03   0.100000E+01
   0.236036E+00   0.179771E+02   0.179771E+02   0.103750E+03   0.100000E+01
   0.239640E+00   0.179000E+02   0.179000E+02   0.103766E+03   0.100000E+01
   0.243243E+00   0.178221E+02   0.178221E+02   0.103780E+03   0.100000E+01
   0.246847E+00   0.177432E+02   0.177432E+02   0.103792E+03   0.100000E+01
   0.250450E+00   0.176634E+02   0.176634E+02   0.103801E+03   0.100000E+01
   0.254054E+00   0.175827E+02   0.175827E+02   0.103809E+03   0.100000E+01
   0.257658E+00   0.175012E+02   0.175012E+02   0.103813E+03   0.100000E+01
   0.261261E+00   0.174188E+02   0.174188E+02   0.103815E+03   0.100000E+01
   0.264865E+00   0.173356E+02   0.173356E+02   0.103815E+03   0.100000E+01
   0.268468E+00   0.172516E+02   0.172516E+02   0.103812E+03   0.100000E+01
   0.272072E+00   0.171668E+02   0.171668E+02   0.103807E+03   0.100000E+01
   0.275676E+00   0.170811E+02   0.170811E+02   0.103799E+03   0.100000E+01
   0.279279E+00   0.169948E+02   0.169948E+02   0.103789E+03   0.100000E+01
   0.282883E+00   0.169077E+02   0.169077E+02   0.103776E+03   0.100000E+01
   0.286486E+00   0.168199E+02   0.168199E+02   0.103760E+03   0.100000E+01
   0.290090E+00   0.167313E+02   0.167313E+02   0.103742E+03   0.100000E+01
   0.293694E+00   0.166421E+02   0.166421E+02   0.103721E+03   0.100000E+01
   0.297297E+00   0.165522E+02   0.165522E+02   0.103697E+03   0.100000E+01
   0.300901E+00   0.164617E+02   0.164617E+02   0.103671E+03   0.100000E+01
   0.304505E+00   0.163706E+02   0.163706E+02   0.103642E+03   0.100000E+01
   0.308108E+00   0.162788E+02   0.162788E+02   0.103610E+03   0.100000E+01
   0.311712E+00   0.161865E+02   0.161865E+02   0.103575E+03   0.100000E+01
   0.315315E+00   0.160936E+02   0.160936E+02   0.103538E+03   0.100000E+01
   0.318919E+00   0.160002E+02   0.160002E+02   0.103498E+03   0.100000E+01
   0.322523E+00   0.159062E+02   0.159062E+02   0.103456E+03   0.100000E+01
   0.326126E+00   0.158118E+02   0.158118E+02   0.103411E+03   0.100000E+01
   0.329730E+00   0.157169E+02   0.157169E+02   0.103363E+03   0.100000E+01
   0.333333E+00   0.156215E+02   0.156215E+02   0.103312E+03   0.100000E+01
   0.336937E+00   0.155257E+02   0.155257E+02   0.103259E+03   0.100000E+01
   0.340541E+00   0.154295E+02   0.154295E+02   0.103204E+03   0.100000E+01
   0.344144E+00   0.153329E+02   0.153329E+02   0.103145E+03   0.100000E+01
   0.347748E+00   0.152359E+02   0.152359E+02   0.103084E+03   0.100000E+01
   0.351351E+00   0.151385E+02   0.151385E+02   0.103021E+03   0.100000E+01
   0.354955E+00   0.150408E+02   0.150408E+02   0.102955E+03   0.100000E+01
   0.358559E+00   0.149428E+02   0.149428E+02   0.102887E+03   0.100000E+01
   0.362162E+00   0.148445E+02   0.148445E+02   0.102816E+03   0.100000E+01
   0.365766E+00   0.147460E+02   0.147460E+02   0.102743E+03   0.100000E+01
   0.369369E+00   0.146471E+02   0.146471E+02   0.102668E+03   0.100000E+01
   0.372973E+00   0.145481E+02   0.145481E+02   0.102590E+03   0.100000E+01
   0.376577E+00   0.144488E+02   0.144488E+02   0.102510E+03   0.100000E+01
   0.380180E+00   0.143493E+02   0.143493E+02   0.102428E+03   0.100000E+01
   0.383784E+00   0.142496E+02   0.142496E+02   0.102344E+03   0.100000E+01
   0.387387E+00   0.141497E+02   0.141497E+02   0.102258E+03   0.100000E+01
   0.390991E+00   0.140496E+02   0.140496E+02   0.102170E+03   0.100000E+01
   0.394595E+00   0.139495E+02   0.139495E+02   0.102080E+03   0.100000E+01
   0.398198E+00   0.138491E+02   0.138491E+02   0.101988E+03   0.100000E+01
   0.401802E+00   0.137487E+02   0.137487E+02   0.101895E+03   0.100000E+01
   0.405405E+00   0.136482E+02   0.136482E+02   0.101800E+03   0.100000E+01
   0.409009E+00   0.135475E+02   0.135475E+02   0.101703E+03   0.100000E+01
   0.412613E+00   0.134468E+02   0.134468E+02   0.101604E+03   0.100000E+01
   0.416216E+00   0.133460E+02   0.133460E+02   0.101505E+03   0.100000E+01
   0.419820E+00   0.132452E+02   0.132452E+02   0.101403E+03   0.100000E+01
   0.423423E+00   0.131443E+02   0.131443E+02   0.101301E+03   0.100000E+01
   0.427027E+00   0.130433E+02   0.130433E+02   0.101197E+03   0.100000E+01
   0.430631E+00   0.129423E+02   0.129423E+02   0.101093E+03   0.100000E+01
   0.434234E+00   0.128413E+02   0.128413E+02   0.100987E+03   0.100000E+01
   0.437838E+00   0.127403E+02   0.127403E+02   0.100880E+03   0.100000E+01
   0.441441E+00   0.126393E+02   0.126393E+02   0.100772E+03   0.100000E+01
   0.445045E+00   0.125382E+02   0.125382E+02   0.100664E+03   0.100000E+01
   0.448649E+00   0.124372E+02   0.124372E+02   0.100555E+03   0.100000E+01
   0.452252E+00   0.123361E+02   0.123361E+02   0.100446E+03   0.100000E+01
   0.455856E+00   0.122350E+02   0.122350E+02   0.100336E+03   0.100000E+01
   0.459459E+00   0.121340E+02   0.121340E+02   0.100226E+03   0.100000E+01
   0.463063E+00   0.120329E+02   0.120329E+02   0.100115E+03   0.100000E+01
   0.466667E+00   0.119319E+02   0.119319E+02   0.100004E+03   0.100000E+01
   0.470270E+00   0.118309E+02   0.118309E+02   0.998935E+02   0.100000E+01
   0.473874E+00   0.117299E+02   0.117299E+02   0.997827E+02   0.100000E+01
   0.477477E+00   0.116288E+02   0.116288E+02   0.996721E+02   0.100000E+01
   0.481081E+00   0.115278E+02   0.115278E+02   0.995617E+02   0.100000E+01
   0.484685E+00   0.114269E+02   0.114269E+02   0.994516E+02   0.100000E+01
   0.488288E+00   0.113259E+02   0.113259E+02   0.993420E+02   0.100000E+01
   0.491892E+00   0.112249E+02   0.112249E+02   0.992329E+02   0.100000E+01
   0.495495E+00   0.111239E+02   0.111239E+02   0.991243E+02   0.100000E+01
   0.499099E+00   0.110229E+02   0.110229E+02   0.990165E+02   0.100000E+01
   0.502703E+00   0.109220E+02   0.109220E+02   0.989095E+02   0.100000E+01
   0.506306E+00   0.108210E+02   0.108210E+02   0.988034E+02   0.100000E+01
   0.509910E+00   0.107200E+02   0.107200E+02   0.986983E+02   0.100000E+01
   0.513514E+00   0.106190E+02   0.106190E+02   0.985942E+02   0.100000E+01
   0.517117E+00   0.105179E+02   0.105179E+02   0.984913E+02   0.100000E+01
   0.520721E+00   0.104169E+02   0.104169E+02   0.983896E+02   0.100000E+01
   0.524324E+00   0.103158E+02   0.103158E+02   0.982893E+02   0.100000E+01
   0.527928E+00   0.102147E+02   0.102147E+02   0.981904E+02   0.100000E+01
   0.531532E+00   0.101135E+02   0.101135E+02   0.980930E+02   0.100000E+01
   0.535135E+00   0.100123E+02   0.100123E+02   0.979971E+02   0.100000E+01
   0.538739E+00   0.991107E+01   0.991107E+01   0.979029E+02   0.100000E+01
   0.542342E+00   0.980978E+01   0.980978E+01   0.978105E+02   0.100000E+01
   0.545946E+00   0.970843E+01   0.970843E+01   0.977198E+02   0.100000E+01
   0.549550E+00   0.960703E+01   0.960703E+01   0.976310E+02   0.100000E+01
   0.553153E+00   0.950556E+01   0.950556E+01   0.975441E+02   0.100000E+01
   0.556757E+00   0.940402E+01   0.940402E+01   0.974592E+02   0.100000E+01
   0.560360E+00   0.930241E+01   0.930241E+01   0.973763E+02   0.100000E+01
   0.563964E+00   0.920073E+01   0.920073E+01   0.972956E+02   0.100000E+01
   0.567568E+00   0.909897E+01   0.909897E+01   0.972170E+02   0.100000E+01
   0.571171E+00   0.899713E+01   0.899713E+01   0.971406E+02   0.100000E+01
   0.574775E+00   0.889521E+01   0.889521E+01   0.970665E+02   0.100000E+01
   0.578378E+00   0.879320E+01   0.879320E+01   0.969947E+02   0.100000E+01
   0.581982E+00   0.869110E+01   0.869110E+01   0.969253E+02   0.100000E+01
   0.585586E+00   0.858892E+01   0.858892E+01   0.968583E+02   0.100000E+01
   0.589189E+00   0.848665E+01   0.848665E+01   0.967936E+02   0.100000E+01
   0.592793E+00   0.838428E+01   0.838428E+01   0.967315E+02   0.100000E+01
   0.596396E+00   0.828184E+01   0.828184E+01   0.966718E+02   0.100000E+01
   0.600000E+00   0.817930E+01   0.817930E+01   0.966147E+02   0.100000E+01
   0.603604E+00   0.807668E+01   0.807668E+01   0.965601E+02   0.100000E+01
   0.607207E+00   0.797397E+01   0.797397E+01   0.965080E+02   0.100000E+01
   0.610811E+00   0.787118E+01   0.787118E+01   0.964586E+02   0.100000E+01
   0.614414E+00   0.776831E+01   0.776831E+01   0.964117E+02   0.100000E+01
   0.618018E+00   0.766537E+01   0.766537E+01   0.963674E+02   0.100000E+01
   0.621622E+00   0.756236E+01   0.756236E+01   0.963258E+02   0.100000E+01
   0.625225E+00   0.745929E+01   0.745929E+01   0.962868E+02   0.100000E+01
   0.628829E+00   0.735615E+01   0.735615E+01   0.962503E+02   0.100000E+01
   0.632432E+00   0.725296E+01   0.725296E+01   0.962165E+02   0.100000E+01
   0.636036E+00   0.714973E+01   0.714973E+01   0.961853E+02   0.100000E+01
   0.639640E+00   0.704646E+01   0.704646E+01   0.961568E+02   0.100000E+01
   0.643243E+00   0.694317E+01   0.694317E+01   0.961308E+02   0.100000E+01
   0.646847E+00   0.683985E+01   0.683985E+01   0.961073E+02   0.100000E+01
   0.650450E+00   0.673653E+01   0.673653E+01   0.960865E+02   0.100000E+01
   0.654054E+00   0.663320E+01   0.663320E+01   0.960682E+02   0.100000E+01
   0.657658E+00   0.652989E+01   0.652989E+01   0.960524E+02   0.100000E+01
   0.661261E+00   0.642661E+01   0.642661E+01   0.960391E+02   0.100000E+01
   0.664865E+00   0.632336E+01   0.632336E+01   0.960283E+02   0.100000E+01
   0.668468E+00   0.622016E+01   0.622016E+01   0.960200E+02   0.100000E+01
   0.672072E+00   0.611703E+01   0.611703E+01   0.960140E+02   0.100000E+01
   0.675676E+00   0.601397E+01   0.601397E+01   0.960104E+02   0.100000E+01
   0.679279E+00   0.591102E+01   0.591102E+01   0.960092E+02   0.100000E+01
   0.682883E+00   0.580817E+01   0.580817E+01   0.960103E+02   0.100000E+01
   0.686486E+00   0.570545E+01   0.570545E+01   0.960136E+02   0.100000E+01
   0.690090E+00   0.560288E+01   0.560288E+01   0.960192E+02   0.100000E+01
   0.693694E+00   0.550047E+01   0.550047E+01   0.960270E+02   0.100000E+01
   0.697297E+00   0.539824E+01   0.539824E+01   0.960369E+02   0.100000E+01
   0.700901E+00   0.529621E+01   0.529621E+01   0.960488E+02   0.100000E+01
   0.704505E+00   0.519440E+01   0.519440E+01   0.960629E+02   0.100000E+01
   0.708108E+00   0.509283E+01   0.509283E+01   0.960789E+02   0.100000E+01
   0.711712E+00   0.499152E+01   0.499152E+01   0.960968E+02   0.100000E+01
   0.715315E+00   0.489049E+01   0.489049E+01   0.961167E+02   0.100000E+01
   0.718919E+00   0.478976E+01   0.478976E+01   0.961383E+02   0.100000E+01
   0.722523E+00   0.468936E+01   0.468936E+01   0.961618E+02   0.100000E+01
   0.726126E+00   0.458930E+01   0.458930E+01   0.961870E+02   0.100000E+01
   0.729730E+00   0.448961E+01   0.448961E+01   0.962138E+02   0.100000E+01
   0.733333E+00   0.439032E+01   0.439032E+01   0.962423E+02   0.100000E+01
   0.736937E+00   0.429144E+01   0.429144E+01   0.962723E+02   0.100000E+01
   0.740541E+00   0.419300E+01   0.419300E+01   0.963038E+02   0.100000E+01
   0.744144E+00   0.409503E+01   0.409503E+01   0.963367E+02   0.100000E+01
   0.747748E+00   0.399754E+01   0.399754E+01   0.963710E+02   0.100000E+01
   0.751351E+00   0.390057E+01   0.390057E+01   0.964067E+02   0.100000E+01
   0.754955E+00   0.380413E+01   0.380413E+01   0.964436E+02   0.100000E+01
   0.758559E+00   0.370826E+01   0.370826E+01   0.964817E+02   0.100000E+01
   0.762162E+00   0.361298E+01   0.361298E+01   0.965209E+02   0.100000E+01
   0.765766E+00   0.351832E+01   0.351832E+01   0.965612E+02   0.100000E+01
   0.769369E+00   0.342430E+01   0.342430E+01   0.966025E+02   0.100000E+01
   0.772973E+00   0.333094E+01   0.333094E+01   0.966448E+02   0.100000E+01
   0.776577E+00   0.323828E+01   0.323828E+01   0.966880E+02   0.100000E+01
   0.780180E+00   0.314634E+01   0.314634E+01   0.967320E+02   0.100000E+01
   0.783784E+00   0.305515E+01   0.305515E+01   0.967768E+02   0.100000E+01
   0.787387E+00   0.296473E+01   0.296473E+01   0.968223E+02   0.100000E+01
   0.790991E+00   0.287511E+01   0.287511E+01   0.968684E+02   0.100000E+01
   0.794595E+00   0.278633E+01   0.278633E+01   0.969152E+02   0.100000E+01
   0.798198E+00   0.269840E+01   0.269840E+01   0.969625E+02   0.100000E+01
   0.801802E+00   0.261135E+01   0.261135E+01   0.970103E+02   0.100000E+01
   0.805405E+00   0.252522E+01   0.252522E+01   0.970585E+02   0.100000E+01
   0.809009E+00   0.244002E+01   0.244002E+01   0.971071E+02   0.100000E+01
   0.812613E+00   0.235580E+01   0.235580E+01   0.971560E+02   0.100000E+01
   0.816216E+00   0.227256E+01   0.227256E+01   0.972052E+02   0.100000E+01
   0.819820E+00   0.219035E+01   0.219035E+01   0.972546E+02   0.100000E+01
   0.823423E+00   0.210919E+01   0.210919E+01   0.973042E+02   0.100000E+01
   0.827027E+00   0.202911E+01   0.202911E+01   0.973538E+02   0.100000E+01
   0.830631E+00   0.195013E+01   0.195013E+01   0.974035E+02   0.100000E+01
   0.834234E+00   0.187229E+01   0.187229E+01   0.974533E+02   0.100000E+01
   0.837838E+00   0.179562E+01   0.179562E+01   0.975029E+02   0.100000E+01
   0.841441E+00   0.172013E+01   0.172013E+01   0.975525E+02   0.100000E+01
   0.845045E+00   0.164586E+01   0.164586E+01   0.976020E+02   0.100000E+01
   0.848649E+00   0.157284E+01   0.157284E+01   0.976512E+02   0.100000E+01
   0.852252E+00   0.150110E+01   0.150110E+01   0.977003E+02   0.100000E+01
   0.855856E+00   0.143066E+01   0.143066E+01   0.977490E+02   0.100000E+01
   0.859459E+00   0.136155E+01   0.136155E+01   0.977975E+02   0.100000E+01
   0.863063E+00   0.129380E+01   0.129380E+01   0.978455E+02   0.100000E+01
   0.866667E+00   0.122744E+01   0.122744E+01   0.978932E+02   0.100000E+01
   0.870270E+00   0.116250E+01   0.116250E+01   0.979405E+02   0.100000E+01
   0.873874E+00   0.109900E+01   0.109900E+01   0.979872E+02   0.100000E+01
   0.877477E+00   0.103698E+01   0.103698E+01   0.980335E+02   0.100000E+01
   0.881081E+00   0.976460E+00   0.976460E+00   0.980791E+02   0.100000E+01
   0.884685E+00   0.917472E+00   0.917472E+00   0.981243E+02   0.100000E+01
   0.888288E+00   0.860043E+00   0.860043E+00   0.981687E+02   0.100000E+01
   0.891892E+00   0.804202E+00   0.804202E+00   0.982126E+02   0.100000E+01
   0.895495E+00   0.749978E+00   0.749978E+00   0.982557E+02   0.100000E+01
   0.899099E+00   0.697398E+00   0.697398E+00   0.982981E+02   0.100000E+01
   0.902703E+00   0.646492E+00   0.646492E+00   0.983398E+02   0.100000E+01
   0.906306E+00   0.597288E+00   0.597288E+00   0.983807E+02   0.100000E+01
   0.909910E+00   0.549813E+00   0.549813E+00   0.984209E+02   0.100000E+01
   0.913514E+00   0.504098E+00   0.504098E+00   0.984601E+02   0.100000E+01
   0.917117E+00   0.460169E+00   0.460169E+00   0.984986E+02   0.100000E+01
   0.920721E+00   0.418056E+00   0.418056E+00   0.985362E+02   0.100000E+01
   0.924324E+00   0.377787E+00   0.377787E+00   0.985729E+02   0.100000E+01
   0.927928E+00   0.339389E+00   0.339389E+00   0.986086E+02   0.100000E+01
   0.931532E+00   0.302892E+00   0.302892E+00   0.986435E+02   0.100000E+01
   0.935135E+00   0.268323E+00   0.268323E+00   0.986774E+02   0.100000E+01
   0.938739E+00   0.235711E+00   0.235711E+00   0.987104E+02   0.100000E+01
   0.942342E+00   0.205083E+00   0.205083E+00   0.987423E+02   0.100000E+01
   0.945946E+00   0.176467E+00   0.176467E+00   0.987733E+02   0.100000E+01
   0.949550E+00   0.149891E+00   0.149891E+00   0.988033E+02   0.100000E+01
   0.953153E+00   0.125384E+00   0.125384E+00   0.988323E+02   0.100000E+01
   0.956757E+00   0.102971E+00   0.102971E+00   0.988603E+02   0.100000E+01
   0.960360E+00   0.826808E-01   0.826808E-01   0.988873E+02   0.100000E+01
   0.963964E+00   0.645406E-01   0.645406E-01   0.989132E+02   0.100000E+01
   0.967568E+00   0.485772E-01   0.485772E-01   0.989382E+02   0.100000E+01
   0.971171E+00   0.348177E-01   0.348177E-01   0.989621E+02   0.100000E+01
   0.974775E+00   0.232885E-01   0.232885E-01   0.989849E+02   0.100000E+01
   0.978378E+00   0.140160E-01   0.140160E-01   0.990068E+02   0.100000E+01
   0.981982E+00   0.702660E-02   0.702660E-02   0.990277E+02   0.100000E+01
   0.985586E+00   0.234604E-02   0.234604E-02   0.990475E+02   0.100000E+01
   0.989189E+00   0.000000E+00   0.000000E+00   0.990664E+02   0.100000E+01
   0.992793E+00   0.138309E-04   0.138309E-04   0.990842E+02   0.100000E+01
   0.996396E+00   0.241257E-02   0.241257E-02   0.991011E+02   0.100000E+01
   0.100000E+01   0.722092E-02   0.722092E-02   0.991170E+02   0.100000E+01
   0.100360E+01   0.144633E-01   0.144633E-01   0.991320E+02   0.100000E+01
   0.100721E+01   0.241636E-01   0.241636E-01   0.991461E+02   0.100000E+01
   0.101081E+01   0.363454E-01   0.363454E-01   0.991592E+02   0.100000E+01
   0.101441E+01   0.510321E-01   0.510321E-01   0.991715E+02   0.100000E+01
   0.101802E+01   0.682464E-01   0.682464E-01   0.991829E+02   0.100000E+01
   0.102162E+01   0.880106E-01   0.880106E-01   0.991935E+02   0.100000E+01
   0.102523E+01   0.110347E+00   0.110347E+00   0.992033E+02   0.100000E+01
   0.102883E+01   0.135276E+00   0.135276E+00   0.992123E+02   0.100000E+01
   0.103243E+01   0.162819E+00   0.162819E+00   0.992206E+02   0.100000E+01
   0.103604E+01   0.192998E+00   0.192998E+00   0.992281E+02   0.100000E+01
   0.103964E+01   0.225830E+00   0.225830E+00   0.992351E+02   0.100000E+01
   0.104324E+01   0.261337E+00   0.261337E+00   0.992414E+02   0.100000E+01
   0.104685E+01   0.299536E+00   0.299536E+00   0.992471E+02   0.100000E+01
   0.105045E+01   0.340447E+00   0.340447E+00   0.992523E+02   0.100000E+01
   0.105405E+01   0.384086E+00   0.384086E+00   0.992570E+02   0.100000E+01
   0.105766E+01   0.430471E+00   0.430471E+00   0.992613E+02   0.100000E+01
   0.106126E+01   0.479618E+00   0.479618E+00   0.992652E+02   0.100000E+01
   0.106486E+01   0.531544E+00   0.531544E+00   0.992688E+02   0.100000E+01
   0.106847E+01   0.586262E+00   0.586262E+00   0.992722E+02   0.100000E+01
   0.107207E+01   0.643789E+00   0.643789E+00   0.992753E+02   0.100000E+01
   0.107568E+01   0.704139E+00   0.704139E+00   0.992782E+02   0.100000E+01
   0.107928E+01   0.767323E+00   0.767323E+00   0.992811E+02   0.100000E+01
   0.108288E+01   0.833356E+00   0.833356E+00   0.992840E+02   0.100000E+01
   0.108649E+01   0.902249E+00   0.902249E+00   0.992869E+02   0.100000E+01
   0.109009E+01   0.974013E+00   0.974013E+00   0.992899E+02   0.100000E+01
   0.109369E+01   0.104866E+01   0.104866E+01   0.992931E+02   0.100000E+01
   0.109730E+01   0.112620E+01   0.112620E+01   0.992966E+02   0.100000E+01
   0.110090E+01   0.120664E+01   0.120664E+01   0.993005E+02   0.100000E+01
   0.110450E+01   0.128999E+01   0.128999E+01   0.993047E+02   0.100000E+01
   0.110811E+01   0.137626E+01   0.137626E+01   0.993095E+02   0.100000E+01
   0.111171E+01   0.146546E+01   0.146546E+01   0.993148E+02   0.100000E+01
   0.111532E+01   0.155759E+01   0.155759E+01   0.993209E+02   0.100000E+01
   0.111892E+01   0.165265E+01   0.165265E+01   0.993276E+02   0.100000E+01
   0.112252E+01   0.175067E+01   0.175067E+01   0.993352E+02   0.100000E+01
   0.112613E+01   0.185163E+01   0.185163E+01   0.993437E+02   0.100000E+01
   0.112973E+01   0.195554E+01   0.195554E+01   0.993533E+02   0.100000E+01
   0.113333E+01   0.206242E+01   0.206242E+01   0.993639E+02   0.100000E+01
   0.113694E+01   0.217225E+01   0.217225E+01   0.993757E+02   0.100000E+01
   0.114054E+01   0.228504E+01   0.228504E+01   0.993889E+02   0.100000E+01
   0.114414E+01   0.240080E+01   0.240080E+01   0.994034E+02   0.100000E+01
   0.114775E+01   0.251953E+01   0.251953E+01   0.994193E+02   0.100000E+01
   0.115135E+01   0.264122E+01   0.264122E+01   0.994369E+02   0.100000E+01
   0.115495E+01   0.276587E+01   0.276587E+01   0.994560E+02   0.100000E+01
   0.115856E+01   0.289349E+01   0.289349E+01   0.994770E+02   0.100000E+01
   0.116216E+01   0.302408E+01   0.302408E+01   0.994998E+02   0.100000E+01
   0.116577E+01   0.315763E+01   0.315763E+01   0.995245E+02   0.100000E+01
   0.116937E+01   0.329414E+01   0.329414E+01   0.995513E+02   0.100000E+01
   0.117297E+01   0.343361E+01   0.343361E+01   0.995801E+02   0.100000E+01
   0.117658E+01   0.357604E+01   0.357604E+01   0.996112E+02   0.100000E+01
   0.118018E+01   0.372141E+01   0.372141E+01   0.996447E+02   0.100000E+01
   0.118378E+01   0.386974E+01   0.386974E+01   0.996805E+02   0.100000E+01
   0.118739E+01   0.402100E+01   0.402100E+01   0.997188E+02   0.100000E+01
   0.119099E+01   0.417521E+01   0.417521E+01   0.997597E+02   0.100000E+01
   0.119459E+01   0.433235E+01   0.433235E+01   0.998032E+02   0.100000E+01
   0.119820E+01   0.449241E+01   0.449241E+01   0.998495E+02   0.100000E+01
   0.120180E+01   0.465539E+01   0.465539E+01   0.998986E+02   0.100000E+01
   0.120541E+01   0.482129E+01   0.482129E+01   0.999506E+02   0.100000E+01
   0.120901E+01   0.499009E+01   0.499009E+01   0.100006E+03   0.100000E+01
   0.121261E+01   0.516179E+01   0.516179E+01   0.100064E+03   0.100000E+01
   0.121622E+01   0.533639E+01   0.533639E+01   0.100125E+03   0.100000E+01
   0.121982E+01   0.551386E+01   0.551386E+01   0.100189E+03   0.100000E+01
   0.122342E+01   0.569420E+01   0.569420E+01   0.100257E+03   0.100000E+01
   0.122703E+01   0.587741E+01   0.587741E+01   0.100328E+03   0.100000E+01
   0.123063E+01   0.606347E+01   0.606347E+01   0.100402E+03   0.100000E+01
   0.123423E+01   0.625237E+01   0.625237E+01   0.100480E+03   0.100000E+01
   0.123784E+01   0.644410E+01   0.644410E+01   0.100561E+03   0.100000E+01
   0.124144E+01   0.663865E+01   0.663865E+01   0.100646E+03   0.100000E+01
   0.124505E+01   0.683601E+01   0.683601E+01   0.100735E+03   0.100000E+01
   0.124865E+01   0.703616E+01   0.703616E+01   0.100827E+03   0.100000E+01
   0.125225E+01   0.723908E+01   0.723908E+01   0.100922E+03   0.100000E+01
   0.125586E+01   0.744478E+01   0.744478E+01   0.101022E+03   0.100000E+01
   0.125946E+01   0.765323E+01   0.765323E+01   0.101125E+03   0.100000E+01
   0.126306E+01   0.786441E+01   0.786441E+01   0.101231E+03   0.100000E+01
   0.126667E+01   0.807831E+01   0.807831E+01   0.101342E+03   0.100000E+01
   0.127027E+01   0.829491E+01   0.829491E+01   0.101456E+03   0.100000E+01
   0.127387E+01   0.851420E+01   0.851420E+01   0.101574E+03   0.100000E+01
   0.127748E+01   0.873615E+01   0.873615E+01   0.101696E+03   0.100000E+01
   0.128108E+01   0.896075E+01   0.896075E+01   0.101821E+03   0.100000E+01
   0.128468E+01   0.918798E+01   0.918798E+01   0.101951E+03   0.100000E+01
   0.128829E+01   0.941781E+01   0.941781E+01   0.102083E+03   0.100000E+01
   0.129189E+01   0.965022E+01   0.965022E+01   0.102220E+03   0.100000E+01
   0.129550E+01   0.988518E+01   0.988518E+01   0.102360E+03   0.100000E+01
   0.129910E+01   0.101227E+02   0.101227E+02   0.102504E+03   0.100000E+01
   0.130270E+01   0.103627E+02   0.103627E+02   0.102651E+03   0.100000E+01
   0.130631E+01   0.106052E+02   0.106052E+02   0.102802E+03   0.100000E+01
   0.130991E+01   0.108501E+02   0.108501E+02   0.102956E+03   0.100000E+01
   0.131351E+01   0.110975E+02   0.110975E+02   0.103114E+03   0.100000E+01
   0.131712E+01   0.113472E+02   0.113472E+02   0.103275E+03   0.100000E+01
   0.132072E+01   0.115993E+02   0.115993E+02   0.103439E+03   0.100000E+01
   0.132432E+01   0.118537E+02   0.118537E+02   0.103606E+03   0.100000E+01
   0.132793E+01   0.121104E+02   0.121104E+02   0.103777E+03   0.100000E+01
   0.133153E+01   0.123693E+02   0.123693E+02   0.103950E+03   0.100000E+01
   0.133514E+01   0.126304E+02   0.126304E+02   0.104127E+03   0.100000E+01
   0.133874E+01   0.128937E+02   0.128937E+02   0.104306E+03   0.100000E+01
   0.134234E+01   0.131591E+02   0.131591E+02   0.104487E+03   0.100000E+01
   0.134595E+01   0.134266E+02   0.134266E+02   0.104672E+03   0.100000E+01
   0.134955E+01   0.136961E+02   0.136961E+02   0.104858E+03   0.100000E+01
   0.135315E+01   0.139676E+02   0.139676E+02   0.105047E+03   0.100000E+01
   0.135676E+01   0.142410E+02   0.142410E+02   0.105239E+03   0.100000E+01
   0.136036E+01   0.145162E+02   0.145162E+02   0.105432E+03   0.100000E+01
   0.136396E+01   0.147932E+02   0.147932E+02   0.105627E+03   0.100000E+01
   0.136757E+01   0.150720E+02   0.150720E+02   0.105824E+03   0.100000E+01
   0.137117E+01   0.153524E+02   0.153524E+02   0.106023E+03   0.100000E+01
   0.137477E+01   0.156345E+02   0.156345E+02   0.106223E+03   0.100000E+01
   0.137838E+01   0.159181E+02   0.159181E+02   0.106424E+03   0.100000E+01
   0.138198E+01   0.162031E+02   0.162031E+02   0.106626E+03   0.100000E+01
   0.138559E+01   0.164896E+02   0.164896E+02   0.106830E+03   0.100000E+01
   0.138919E+01   0.167773E+02   0.167773E+02   0.107034E+03   0.100000E+01
   0.139279E+01   0.170663E+02   0.170663E+02   0.107239E+03   0.100000E+01
   0.139640E+01   0.173565E+02   0.173565E+02   0.107444E+03   0.100000E+01
   0.140000E+01   0.176477E+02   0.176477E+02   0.107650E+03   0.100000E+01
   0.140360E+01   0.179399E+02   0.179399E+02   0.107856E+03   0.100000E+01
   0.140721E+01   0.182329E+02   0.182329E+02   0.108062E+03   0.100000E+01
   0.141081E+01   0.185268E+02   0.185268E+02   0.108267E+03   0.100000E+01
   0.141441E+01   0.188213E+02   0.188213E+02   0.108473E+03   0.100000E+01
   0.141802E+01   0.191164E+02   0.191164E+02   0.108677E+03   0.100000E+01
   0.142162E+01   0.194120E+02   0.194120E+02   0.108881E+03   0.100000E+01
   0.142523E+01   0.197079E+02   0.197079E+02   0.109084E+03   0.100000E+01
   0.142883E+01   0.200042E+02   0.200042E+02   0.109286E+03   0.100000E+01
   0.143243E+01   0.203005E+02   0.203005E+02   0.109487E+03   0.100000E+01
   0.143604E+01   0.205969E+02   0.205969E+02   0.109686E+03   0.100000E+01
   0.143964E+01   0.208931E+02   0.208931E+02   0.109883E+03   0.100000E+01
   0.144324E+01   0.211892E+02   0.211892E+02   0.110079E+03   0.100000E+01
   0.144685E+01   0.214849E+02   0.214849E+02   0.110272E+03   0.100000E+01
   0.145045E+01   0.217801E+02   0.217801E+02   0.110464E+03   0.100000E+01
   0.145405E+01   0.220747E+02   0.220747E+02   0.110653E+03   0.100000E+01
   0.145766E+01   0.223685E+02   0.223685E+02   0.110840E+03   0.100000E+01
   0.146126E+01   0.226615E+02   0.226615E+02   0.111024E+03   0.100000E+01
   0.146486E+01   0.229534E+02   0.229534E+02   0.111205E+03   0.100000E+01
   0.146847E+01   0.232441E+02   0.232441E+02   0.111383E+03   0.100000E+01
   0.147207E+01   0.235336E+02   0.235336E+02   0.111559E+03   0.100000E+01
   0.147568E+01   0.238215E+02   0.238215E+02   0.111731E+03   0.100000E+01
   0.147928E+01   0.241078E+02   0.241078E+02   0.111899E+03   0.100000E+01
   0.148288E+01   0.243923E+02   0.243923E+02   0.112064E+03   0.100000E+01
   0.148649E+01   0.246749E+02   0.246749E+02   0.112225E+03   0.100000E+01
   0.149009E+01   0.249554E+02   0.249554E+02   0.112383E+03   0.100000E+01
   0.149369E+01   0.252336E+02   0.252336E+02   0.112536E+03   0.100000E+01
   0.149730E+01   0.255094E+02   0.255094E+02   0.112686E+03   0.100000E+01
   0.150090E+01   0.257827E+02   0.257827E+02   0.112831E+03   0.100000E+01
   0.150450E+01   0.260531E+02   0.260531E+02   0.112972E+03   0.100000E+01
   0.150811E+01   0.263207E+02   0.263207E+02   0.113109E+03   0.100000E+01
   0.151171E+01   0.265852E+02   0.265852E+02   0.113241E+03   0.100000E+01
   0.151532E+01   0.268465E+02   0.268465E+02   0.113369E+03   0.100000E+01
   0.151892E+01   0.271043E+02   0.271043E+02   0.113492E+03   0.100000E+01
   0.152252E+01   0.273585E+02   0.273585E+02   0.113610E+03   0.100000E+01
   0.152613E+01   0.276090E+02   0.276090E+02   0.113724E+03   0.100000E+01
   0.152973E+01   0.278556E+02   0.278556E+02   0.113833E+03   0.100000E+01
   0.153333E+01   0.280981E+02   0.280981E+02   0.113937E+03   0.100000E+01
   0.153694E+01   0.283364E+02   0.283364E+02   0.114036E+03   0.100000E+01
   0.154054E+01   0.285702E+02   0.285702E+02   0.114130E+03   0.100000E+01
   0.154414E+01   0.287994E+02   0.287994E+02   0.114219E+03   0.100000E+01
   0.154775E+01   0.290239E+02   0.290239E+02   0.114303E+03   0.100000E+01
   0.155135E+01   0.292435E+02   0.292435E+02   0.114382E+03   0.100000E+01
   0.155495E+01   0.294579E+02   0.294579E+02   0.114456E+03   0.100000E+01
   0.155856E+01   0.296672E+02   0.296672E+02   0.114525E+03   0.100000E+01
   0.156216E+01   0.298711E+02   0.298711E+02   0.114588E+03   0.100000E+01
   0.156577E+01   0.300694E+02   0.300694E+02   0.114647E+03   0.100000E+01
   0.156937E+01   0.302620E+02   0.302620E+02   0.114701E+03   0.100000E+01
   0.157297E+01   0.304487E+02   0.304487E+02   0.114750E+03   0.100000E+01
   0.157658E+01   0.306295E+02   0.306295E+02   0.114793E+03   0.100000E+01
   0.158018E+01   0.308041E+02   0.308041E+02   0.114832E+03   0.100000E+01
   0.158378E+01   0.309724E+02   0.309724E+02   0.114866E+03   0.100000E+01
   0.158739E+01   0.311343E+02   0.311343E+02   0.114895E+03   0.100000E+01
   0.159099E+01   0.312896E+02   0.312896E+02   0.114919E+03   0.100000E+01
   0.159459E+01   0.314383E+02   0.314383E+02   0.114938E+03   0.100000E+01
   0.159820E+01   0.315802E+02   0.315802E+02   0.114953E+03   0.100000E+01
   0.160180E+01   0.317151E+02   0.317151E+02   0.114963E+03   0.100000E+01
   0.160541E+01   0.318430E+02   0.318430E+02   0.114969E+03   0.100000E+01
   0.160901E+01   0.319638E+02   0.319638E+02   0.114970E+03   0.100000E+01
   0.161261E+01   0.320773E+02   0.320773E+02   0.114967E+03   0.100000E+01
   0.161622E+01   0.321835E+02   0.321835E+02   0.114959E+03   0.100000E+01
   0.161982E+01   0.322822E+02   0.322822E+02   0.114947E+03   0.100000E+01
   0.162342E+01   0.323734E+02   0.323734E+02   0.114931E+03   0.100000E+01
   0.162703E+01   0.324569E+02   0.324569E+02   0.114911E+03   0.100000E+01
   0.163063E+01   0.325328E+02   0.325328E+02   0.114888E+03   0.100000E+01
   0.163423E+01   0.326010E+02   0.326010E+02   0.114860E+03   0.100000E+01
   0.163784E+01   0.326613E+02   0.326613E+02   0.114829E+03   0.100000E+01
   0.164144E+01   0.327138E+02   0.327138E+02   0.114794E+03   0.100000E+01
   0.164505E+01   0.327583E+02   0.327583E+02   0.114756E+03   0.100000E+01
   0.164865E+01   0.327949E+02   0.327949E+02   0.114714E+03   0.100000E+01
   0.165225E+01   0.328234E+02   0.328234E+02   0.114669E+03   0.100000E+01
   0.165586E+01   0.328440E+02   0.328440E+02   0.114621E+03   0.100000E+01
   0.165946E+01   0.328565E+02   0.328565E+02   0.114571E+03   0.100000E+01
   0.166306E+01   0.328609E+02   0.328609E+02   0.114517E+03   0.100000E+01
   0.166667E+01   0.328573E+02   0.328573E+02   0.114461E+03   0.100000E+01
   0.167027E+01   0.328456E+02   0.328456E+02   0.114402E+03   0.100000E+01
   0.167387E+01   0.328259E+02   0.328259E+02   0.114340E+03   0.100000E+01
   0.167748E+01   0.327980E+02   0.327980E+02   0.114277E+03   0.100000E+01
   0.168108E+01   0.327622E+02   0.327622E+02   0.114211E+03   0.100000E+01
   0.168468E+01   0.327184E+02   0.327184E+02   0.114143E+03   0.100000E+01
   0.168829E+01   0.326666E+02   0.326666E+02   0.114073E+03   0.100000E+01
   0.169189E+01   0.326069E+02   0.326069E+02   0.114001E+03   0.100000E+01
   0.169550E+01   0.325393E+02   0.325393E+02   0.113928E+03   0.100000E+01
   0.169910E+01   0.324639E+02   0.324639E+02   0.113853E+03   0.100000E+01
   0.170270E+01   0.323807E+02   0.323807E+02   0.113777E+03   0.100000E+01
   0.170631E+01   0.322899E+02   0.322899E+02   0.113699E+03   0.100000E+01
   0.170991E+01   0.321915E+02   0.321915E+02   0.113620E+03   0.100000E+01
   0.171351E+01   0.320856E+02   0.320856E+02   0.113540E+03   0.100000E+01
   0.171712E+01   0.319722E+02   0.319722E+02   0.113459E+03   0.100000E+01
   0.172072E+01   0.318515E+02   0.318515E+02   0.113378E+03   0.100000E+01
   0.172432E+01   0.317236E+02   0.317236E+02   0.113295E+03   0.100000E+01
   0.172793E+01   0.315885E+02   0.315885E+02   0.113212E+03   0.100000E+01
   0.173153E+01   0.314465E+02   0.314465E+02   0.113129E+03   0.100000E+01
   0.173514E+01   0.312976E+02   0.312976E+02   0.113045E+03   0.100000E+01
   0.173874E+01   0.311419E+02   0.311419E+02   0.112961E+03   0.100000E+01
   0.174234E+01   0.309796E+02   0.309796E+02   0.112876E+03   0.100000E+01
   0.174595E+01   0.308108E+02   0.308108E+02   0.112792E+03   0.100000E+01
   0.174955E+01   0.306357E+02   0.306357E+02   0.112707E+03   0.100000E+01
   0.175315E+01   0.304544E+02   0.304544E+02   0.112623E+03   0.100000E+01
   0.175676E+01   0.302670E+02   0.302670E+02   0.112538E+03   0.100000E+01
   0.176036E+01   0.300738E+02   0.300738E+02   0.112454E+03   0.100000E+01
   0.176396E+01   0.298748E+02   0.298748E+02   0.112371E+03   0.100000E+01
   0.176757E+01   0.296702E+02   0.296702E+02   0.112287E+03   0.100000E+01
   0.177117E+01   0.294603E+02   0.294603E+02   0.112204E+03   0.100000E+01
   0.177477E+01   0.292451E+02   0.292451E+02   0.112122E+03   0.100000E+01
   0.177838E+01   0.290249E+02   0.290249E+02   0.112040E+03   0.100000E+01
   0.178198E+01   0.287998E+02   0.287998E+02   0.111959E+03   0.100000E+01
   0.178559E+01   0.285699E+02   0.285699E+02   0.111879E+03   0.100000E+01
   0.178919E+01   0.283356E+02   0.283356E+02   0.111799E+03   0.100000E+01
   0.179279E+01   0.280969E+02   0.280969E+02   0.111720E+03   0.100000E+01
   0.179640E+01   0.278541E+02   0.278541E+02   0.111642E+03   0.100000E+01
   0.180000E+01   0.276073E+02   0.276073E+02   0.111565E+03   0.100000E+01
