-1.50000000E+00 0.00000000E+00
-1.45000000E+00 0.00000000E+00
-1.40000000E+00 0.00000000E+00
-1.35000000E+00 0.00000000E+00
-1.30000000E+00 1.00000000E-02
-1.25000000E+00 1.00000000E-02
-1.20000000E+00 4.00000000E-02
-1.15000000E+00 3.00000000E-02
-1.10000000E+00 4.00000000E-02
-1.05000000E+00 8.00000000E-02
-1.00000000E+00 5.00000000E-02
-9.50000000E-01 2.00000000E-02
-9.00000000E-01 1.00000000E-01
-8.50000000E-01 4.00000000E-02
-8.00000000E-01 4.00000000E-02
-7.50000000E-01 3.00000000E-02
-7.00000000E-01 1.00000000E-02
-6.50000000E-01 3.00000000E-02
-6.00000000E-01 1.00000000E-02
-5.50000000E-01 0.00000000E+00
-5.00000000E-01 0.00000000E+00
-4.50000000E-01 0.00000000E+00
-4.00000000E-01 0.00000000E+00
-3.50000000E-01 0.00000000E+00
-3.00000000E-01 0.00000000E+00
-2.50000000E-01 0.00000000E+00
-2.00000000E-01 0.00000000E+00
-1.50000000E-01 0.00000000E+00
-1.00000000E-01 0.00000000E+00
-5.00000000E-02 0.00000000E+00
1.33226763E-15 0.00000000E+00
5.00000000E-02 0.00000000E+00
1.00000000E-01 0.00000000E+00
1.50000000E-01 0.00000000E+00
2.00000000E-01 0.00000000E+00
2.50000000E-01 0.00000000E+00
3.00000000E-01 0.00000000E+00
3.50000000E-01 0.00000000E+00
4.00000000E-01 0.00000000E+00
4.50000000E-01 0.00000000E+00
5.00000000E-01 1.00000000E-02
5.50000000E-01 1.00000000E-02
6.00000000E-01 2.00000000E-02
6.50000000E-01 3.00000000E-02
7.00000000E-01 1.00000000E-02
7.50000000E-01 0.00000000E+00
8.00000000E-01 2.00000000E-02
8.50000000E-01 3.00000000E-02
9.00000000E-01 8.00000000E-02
9.50000000E-01 5.00000000E-02
1.00000000E+00 6.00000000E-02
1.05000000E+00 8.00000000E-02
1.10000000E+00 3.00000000E-02
1.15000000E+00 3.00000000E-02
1.20000000E+00 0.00000000E+00
1.25000000E+00 0.00000000E+00
1.30000000E+00 0.00000000E+00
1.35000000E+00 0.00000000E+00
1.40000000E+00 0.00000000E+00
