0.00000000E+00 9.63066140E-01
1.00000000E-02 9.60108914E-01
2.00000000E-02 9.61720911E-01
3.00000000E-02 9.67153386E-01
4.00000000E-02 9.97845142E-01
5.00000000E-02 1.02340488E+00
6.00000000E-02 1.02105698E+00
7.00000000E-02 1.01044000E+00
8.00000000E-02 9.98733478E-01
9.00000000E-02 9.35023468E-01
1.00000000E-01 9.83282764E-01
1.10000000E-01 9.89570939E-01
1.20000000E-01 1.01425162E+00
1.30000000E-01 9.93870352E-01
1.40000000E-01 9.81067867E-01
1.50000000E-01 9.73889287E-01
1.60000000E-01 9.85250448E-01
1.70000000E-01 9.73936502E-01
1.80000000E-01 9.45678004E-01
1.90000000E-01 9.44374352E-01
2.00000000E-01 9.87844974E-01
2.10000000E-01 9.82168587E-01
2.20000000E-01 9.79010356E-01
2.30000000E-01 1.00467562E+00
2.40000000E-01 1.03440534E+00
2.50000000E-01 9.80630284E-01
2.60000000E-01 9.93569493E-01
2.70000000E-01 1.01715407E+00
2.80000000E-01 1.05948170E+00
2.90000000E-01 1.12720588E+00
3.00000000E-01 1.14751715E+00
3.10000000E-01 1.11975481E+00
3.20000000E-01 1.10431450E+00
3.30000000E-01 1.13234833E+00
3.40000000E-01 1.09029619E+00
3.50000000E-01 1.04359544E+00
3.60000000E-01 1.07292135E+00
3.70000000E-01 1.08329937E+00
3.80000000E-01 1.06702059E+00
3.90000000E-01 1.08032379E+00
4.00000000E-01 1.09688603E+00
4.10000000E-01 1.06730361E+00
4.20000000E-01 1.04466305E+00
4.30000000E-01 1.05502554E+00
4.40000000E-01 1.08452019E+00
4.50000000E-01 1.06491644E+00
4.60000000E-01 1.08078270E+00
4.70000000E-01 1.07077349E+00
4.80000000E-01 9.97667873E-01
4.90000000E-01 9.95352027E-01
5.00000000E-01 9.66786714E-01
5.10000000E-01 9.47344911E-01
5.20000000E-01 9.88209168E-01
5.30000000E-01 9.90849999E-01
5.40000000E-01 9.64360375E-01
5.50000000E-01 9.64285995E-01
5.60000000E-01 9.67062237E-01
5.70000000E-01 1.00061124E+00
5.80000000E-01 1.01147387E+00
5.90000000E-01 1.01301952E+00
6.00000000E-01 1.01191257E+00
6.10000000E-01 9.65894046E-01
6.20000000E-01 9.51783946E-01
6.30000000E-01 9.35964179E-01
6.40000000E-01 9.17766280E-01
6.50000000E-01 9.74411879E-01
6.60000000E-01 9.86628669E-01
6.70000000E-01 9.83139828E-01
6.80000000E-01 9.38758223E-01
6.90000000E-01 9.49441465E-01
7.00000000E-01 9.93331381E-01
7.10000000E-01 9.94979416E-01
7.20000000E-01 9.97310281E-01
7.30000000E-01 1.01199368E+00
7.40000000E-01 9.94022768E-01
7.50000000E-01 1.03057870E+00
7.60000000E-01 1.00843949E+00
7.70000000E-01 9.83271196E-01
7.80000000E-01 1.01172801E+00
7.90000000E-01 1.00639132E+00
8.00000000E-01 1.05195412E+00
8.10000000E-01 1.08657180E+00
8.20000000E-01 1.10834954E+00
8.30000000E-01 1.00471456E+00
8.40000000E-01 1.01952288E+00
8.50000000E-01 1.04594674E+00
8.60000000E-01 1.07760641E+00
8.70000000E-01 1.08870053E+00
8.80000000E-01 1.09720963E+00
8.90000000E-01 1.06871371E+00
9.00000000E-01 1.07569991E+00
9.10000000E-01 1.02289368E+00
9.20000000E-01 1.05089119E+00
9.30000000E-01 9.88563201E-01
9.40000000E-01 9.17971631E-01
9.50000000E-01 9.33255800E-01
9.60000000E-01 9.97781096E-01
9.70000000E-01 1.00771491E+00
9.80000000E-01 1.02359089E+00
9.90000000E-01 9.71813638E-01
1.00000000E+00 9.78741000E-01
1.01000000E+00 9.83190059E-01
1.02000000E+00 9.64057675E-01
1.03000000E+00 1.00147112E+00
1.04000000E+00 9.94900321E-01
1.05000000E+00 1.03335621E+00
1.06000000E+00 1.00844533E+00
1.07000000E+00 9.97536534E-01
1.08000000E+00 1.00284501E+00
1.09000000E+00 9.98705490E-01
1.10000000E+00 1.01632478E+00
1.11000000E+00 1.04532309E+00
1.12000000E+00 1.07725305E+00
1.13000000E+00 1.07999065E+00
1.14000000E+00 1.09633022E+00
1.15000000E+00 1.11656337E+00
1.16000000E+00 1.08169515E+00
1.17000000E+00 1.03533017E+00
1.18000000E+00 9.75189086E-01
1.19000000E+00 9.48029529E-01
1.20000000E+00 9.93954907E-01
1.21000000E+00 1.01854498E+00
1.22000000E+00 1.01686908E+00
1.23000000E+00 1.00073853E+00
1.24000000E+00 1.00673968E+00
1.25000000E+00 1.01484114E+00
1.26000000E+00 1.01464595E+00
1.27000000E+00 1.02806291E+00
1.28000000E+00 1.03917316E+00
1.29000000E+00 1.05334574E+00
1.30000000E+00 1.08473615E+00
1.31000000E+00 1.10098564E+00
1.32000000E+00 1.09417047E+00
1.33000000E+00 1.03064736E+00
1.34000000E+00 1.08240769E+00
1.35000000E+00 1.05042488E+00
1.36000000E+00 1.04080930E+00
1.37000000E+00 1.01452884E+00
1.38000000E+00 1.01194981E+00
1.39000000E+00 1.00435359E+00
1.40000000E+00 9.92900933E-01
1.41000000E+00 1.02755398E+00
1.42000000E+00 1.00174066E+00
1.43000000E+00 1.01708512E+00
1.44000000E+00 9.87822487E-01
1.45000000E+00 9.52688526E-01
1.46000000E+00 9.32096968E-01
1.47000000E+00 9.82231605E-01
1.48000000E+00 9.54374574E-01
1.49000000E+00 1.00235161E+00
1.50000000E+00 1.03691966E+00
1.51000000E+00 9.94692936E-01
1.52000000E+00 1.00625657E+00
1.53000000E+00 9.94241566E-01
1.54000000E+00 1.02016838E+00
1.55000000E+00 9.97730879E-01
1.56000000E+00 9.93433219E-01
1.57000000E+00 1.03010927E+00
1.58000000E+00 1.00356169E+00
1.59000000E+00 9.72403965E-01
1.60000000E+00 9.44058310E-01
1.61000000E+00 9.33994178E-01
1.62000000E+00 9.69287740E-01
1.63000000E+00 9.68891868E-01
1.64000000E+00 9.58640518E-01
1.65000000E+00 9.45541196E-01
1.66000000E+00 9.70265225E-01
1.67000000E+00 9.13882975E-01
1.68000000E+00 9.13328163E-01
1.69000000E+00 9.12702687E-01
1.70000000E+00 8.80551900E-01
1.71000000E+00 9.36826796E-01
1.72000000E+00 9.57501974E-01
1.73000000E+00 9.73708518E-01
1.74000000E+00 9.92352627E-01
1.75000000E+00 1.01690878E+00
1.76000000E+00 9.92516640E-01
1.77000000E+00 9.64490662E-01
1.78000000E+00 9.65222507E-01
1.79000000E+00 9.74565472E-01
1.80000000E+00 9.55012562E-01
1.81000000E+00 9.58954498E-01
1.82000000E+00 9.81431137E-01
1.83000000E+00 9.54453038E-01
1.84000000E+00 9.49008765E-01
1.85000000E+00 9.48683245E-01
1.86000000E+00 9.12801752E-01
1.87000000E+00 8.98380500E-01
1.88000000E+00 9.06144348E-01
1.89000000E+00 9.60332703E-01
1.90000000E+00 9.45299580E-01
1.91000000E+00 9.21670324E-01
1.92000000E+00 9.81566179E-01
1.93000000E+00 9.99680991E-01
1.94000000E+00 9.72287282E-01
1.95000000E+00 9.96728338E-01
1.96000000E+00 9.85247143E-01
1.97000000E+00 9.76730633E-01
1.98000000E+00 9.73963661E-01
1.99000000E+00 9.66576678E-01
2.00000000E+00 9.81989499E-01
2.01000000E+00 9.53800441E-01
2.02000000E+00 9.56201607E-01
2.03000000E+00 9.73096070E-01
2.04000000E+00 1.03042294E+00
2.05000000E+00 9.84204217E-01
2.06000000E+00 1.00701101E+00
2.07000000E+00 9.86987219E-01
2.08000000E+00 9.97272632E-01
2.09000000E+00 9.69653228E-01
2.10000000E+00 9.59671162E-01
2.11000000E+00 1.00283698E+00
2.12000000E+00 1.04376966E+00
2.13000000E+00 1.02431951E+00
2.14000000E+00 1.03766933E+00
2.15000000E+00 1.02016085E+00
2.16000000E+00 9.77292265E-01
2.17000000E+00 9.78327873E-01
2.18000000E+00 9.68109827E-01
2.19000000E+00 9.79982705E-01
2.20000000E+00 1.01040061E+00
2.21000000E+00 9.79775263E-01
2.22000000E+00 9.45089535E-01
2.23000000E+00 9.50452711E-01
2.24000000E+00 9.20668925E-01
2.25000000E+00 9.54564357E-01
2.26000000E+00 9.65585750E-01
2.27000000E+00 9.98300742E-01
2.28000000E+00 9.66555894E-01
2.29000000E+00 9.92487873E-01
2.30000000E+00 1.00845122E+00
2.31000000E+00 1.06303466E+00
2.32000000E+00 1.01919675E+00
2.33000000E+00 1.02439809E+00
2.34000000E+00 9.78107758E-01
2.35000000E+00 9.64779652E-01
2.36000000E+00 9.73791625E-01
2.37000000E+00 9.64601155E-01
2.38000000E+00 9.40975107E-01
2.39000000E+00 9.79167387E-01
2.40000000E+00 1.03269933E+00
2.41000000E+00 1.03010750E+00
2.42000000E+00 1.04683730E+00
2.43000000E+00 1.06777624E+00
2.44000000E+00 1.06829677E+00
2.45000000E+00 1.06419512E+00
2.46000000E+00 1.06052657E+00
2.47000000E+00 1.00692056E+00
2.48000000E+00 9.96357746E-01
2.49000000E+00 9.92313662E-01
2.50000000E+00 9.95456699E-01
2.51000000E+00 9.93174503E-01
2.52000000E+00 1.02437047E+00
2.53000000E+00 1.07059944E+00
2.54000000E+00 1.06880890E+00
2.55000000E+00 1.07788518E+00
2.56000000E+00 1.08568414E+00
2.57000000E+00 1.05948784E+00
2.58000000E+00 1.08422616E+00
2.59000000E+00 1.13015564E+00
2.60000000E+00 1.05984227E+00
2.61000000E+00 1.06859021E+00
2.62000000E+00 1.04726572E+00
2.63000000E+00 1.03893260E+00
2.64000000E+00 1.04016087E+00
2.65000000E+00 1.03608376E+00
2.66000000E+00 1.04932127E+00
2.67000000E+00 1.06426666E+00
2.68000000E+00 1.07152561E+00
2.69000000E+00 1.08398500E+00
2.70000000E+00 1.05523573E+00
2.71000000E+00 1.03801792E+00
2.72000000E+00 1.02711338E+00
2.73000000E+00 9.92853730E-01
2.74000000E+00 1.01124223E+00
2.75000000E+00 1.01834347E+00
2.76000000E+00 9.85910457E-01
2.77000000E+00 1.02000927E+00
2.78000000E+00 1.03166107E+00
2.79000000E+00 1.04453355E+00
2.80000000E+00 1.02688026E+00
2.81000000E+00 9.99038453E-01
2.82000000E+00 1.02295220E+00
2.83000000E+00 1.04118047E+00
2.84000000E+00 1.01146022E+00
2.85000000E+00 1.01405165E+00
2.86000000E+00 1.00790811E+00
2.87000000E+00 9.88234608E-01
2.88000000E+00 9.87883919E-01
2.89000000E+00 9.69817345E-01
2.90000000E+00 9.66629065E-01
2.91000000E+00 9.80861328E-01
2.92000000E+00 9.55311919E-01
2.93000000E+00 9.28204067E-01
2.94000000E+00 9.38923561E-01
2.95000000E+00 9.32618438E-01
2.96000000E+00 9.39308532E-01
2.97000000E+00 9.63669778E-01
2.98000000E+00 9.71882677E-01
2.99000000E+00 9.63754311E-01
3.00000000E+00 9.71281592E-01
3.01000000E+00 9.95234250E-01
3.02000000E+00 9.73073298E-01
3.03000000E+00 9.99321856E-01
3.04000000E+00 1.00177121E+00
3.05000000E+00 9.98705434E-01
3.06000000E+00 9.98726299E-01
3.07000000E+00 1.02920858E+00
3.08000000E+00 1.03213987E+00
3.09000000E+00 1.00014535E+00
3.10000000E+00 1.00965679E+00
3.11000000E+00 1.01348166E+00
3.12000000E+00 1.03893414E+00
3.13000000E+00 1.01305876E+00
3.14000000E+00 9.94870735E-01
3.15000000E+00 1.01631687E+00
3.16000000E+00 1.02497782E+00
3.17000000E+00 1.01227008E+00
3.18000000E+00 1.03206333E+00
3.19000000E+00 9.81914347E-01
3.20000000E+00 9.71256130E-01
3.21000000E+00 9.80357227E-01
3.22000000E+00 9.08647966E-01
3.23000000E+00 9.33249404E-01
3.24000000E+00 9.16732633E-01
3.25000000E+00 9.10512138E-01
3.26000000E+00 9.24624410E-01
3.27000000E+00 9.36472315E-01
3.28000000E+00 9.27507551E-01
3.29000000E+00 9.26343746E-01
3.30000000E+00 9.22260183E-01
3.31000000E+00 9.16452016E-01
3.32000000E+00 9.32964137E-01
3.33000000E+00 1.00109540E+00
3.34000000E+00 9.66456708E-01
3.35000000E+00 9.91074427E-01
3.36000000E+00 1.02296698E+00
3.37000000E+00 1.03152425E+00
3.38000000E+00 9.63287527E-01
3.39000000E+00 9.69509317E-01
3.40000000E+00 9.52983358E-01
3.41000000E+00 9.70707644E-01
3.42000000E+00 9.61258696E-01
3.43000000E+00 9.59192285E-01
3.44000000E+00 9.48903879E-01
3.45000000E+00 9.62448077E-01
3.46000000E+00 9.52833472E-01
3.47000000E+00 1.00992912E+00
3.48000000E+00 1.03122900E+00
3.49000000E+00 9.97492122E-01
3.50000000E+00 9.80259658E-01
3.51000000E+00 9.81437315E-01
3.52000000E+00 9.52619078E-01
3.53000000E+00 9.98632608E-01
3.54000000E+00 1.04477070E+00
3.55000000E+00 1.04831981E+00
3.56000000E+00 1.00890957E+00
3.57000000E+00 1.03159741E+00
3.58000000E+00 9.76865488E-01
3.59000000E+00 1.00381204E+00
3.60000000E+00 1.05522809E+00
3.61000000E+00 1.03937977E+00
3.62000000E+00 1.05015713E+00
3.63000000E+00 1.05227533E+00
3.64000000E+00 1.06040803E+00
3.65000000E+00 1.04245354E+00
3.66000000E+00 1.05102644E+00
3.67000000E+00 1.04517017E+00
3.68000000E+00 1.00274182E+00
3.69000000E+00 9.96813690E-01
3.70000000E+00 9.72303617E-01
3.71000000E+00 9.79123533E-01
3.72000000E+00 9.92605760E-01
3.73000000E+00 9.59918010E-01
3.74000000E+00 9.45767927E-01
3.75000000E+00 9.18359081E-01
3.76000000E+00 9.16811872E-01
3.77000000E+00 9.32865511E-01
3.78000000E+00 9.20961400E-01
3.79000000E+00 9.68305897E-01
3.80000000E+00 9.83194960E-01
3.81000000E+00 9.84726502E-01
3.82000000E+00 9.76309441E-01
3.83000000E+00 9.71202239E-01
3.84000000E+00 9.59273005E-01
3.85000000E+00 9.83325809E-01
3.86000000E+00 1.01289234E+00
3.87000000E+00 9.82589212E-01
3.88000000E+00 9.74437902E-01
3.89000000E+00 9.51085990E-01
3.90000000E+00 9.55599886E-01
3.91000000E+00 9.94505466E-01
3.92000000E+00 9.66357731E-01
3.93000000E+00 1.00160518E+00
3.94000000E+00 9.85566632E-01
3.95000000E+00 9.84504186E-01
3.96000000E+00 9.89480716E-01
3.97000000E+00 1.00162388E+00
3.98000000E+00 9.86034541E-01
3.99000000E+00 9.98472495E-01
4.00000000E+00 9.60788378E-01
4.01000000E+00 9.75471893E-01
4.02000000E+00 9.76884941E-01
4.03000000E+00 9.74052181E-01
4.04000000E+00 9.68448948E-01
4.05000000E+00 9.73232342E-01
4.06000000E+00 9.89835568E-01
4.07000000E+00 9.50648318E-01
4.08000000E+00 9.82402940E-01
4.09000000E+00 1.00826649E+00
4.10000000E+00 1.04303669E+00
4.11000000E+00 1.05097258E+00
4.12000000E+00 1.00079077E+00
4.13000000E+00 9.87930611E-01
4.14000000E+00 9.71300084E-01
4.15000000E+00 1.01626516E+00
4.16000000E+00 1.02391034E+00
4.17000000E+00 9.68866344E-01
4.18000000E+00 1.00307490E+00
4.19000000E+00 1.00035161E+00
4.20000000E+00 1.01167918E+00
4.21000000E+00 1.02379187E+00
4.22000000E+00 1.03474536E+00
4.23000000E+00 1.02527810E+00
4.24000000E+00 1.04046706E+00
4.25000000E+00 1.04035888E+00
4.26000000E+00 9.67280203E-01
4.27000000E+00 9.63542478E-01
4.28000000E+00 1.00684085E+00
4.29000000E+00 9.87974536E-01
4.30000000E+00 9.85698936E-01
4.31000000E+00 9.85289947E-01
4.32000000E+00 1.01415263E+00
4.33000000E+00 1.03989819E+00
4.34000000E+00 1.04526697E+00
4.35000000E+00 1.03781070E+00
4.36000000E+00 1.02544835E+00
4.37000000E+00 1.03907523E+00
4.38000000E+00 1.03517528E+00
4.39000000E+00 1.07385851E+00
4.40000000E+00 1.07378821E+00
4.41000000E+00 1.01968654E+00
4.42000000E+00 9.94841547E-01
4.43000000E+00 1.00656486E+00
4.44000000E+00 1.04242027E+00
4.45000000E+00 1.07983830E+00
4.46000000E+00 1.09633175E+00
4.47000000E+00 1.05900057E+00
4.48000000E+00 1.07171523E+00
4.49000000E+00 1.09748089E+00
4.50000000E+00 1.07644529E+00
4.51000000E+00 1.01614178E+00
4.52000000E+00 9.66162259E-01
4.53000000E+00 9.83403021E-01
4.54000000E+00 9.98626365E-01
4.55000000E+00 9.81153037E-01
4.56000000E+00 9.89444837E-01
4.57000000E+00 1.01334588E+00
4.58000000E+00 1.03365290E+00
4.59000000E+00 1.02321098E+00
4.60000000E+00 1.01449851E+00
4.61000000E+00 1.01082898E+00
4.62000000E+00 1.03783998E+00
4.63000000E+00 9.99056616E-01
4.64000000E+00 1.02051684E+00
4.65000000E+00 1.00190754E+00
4.66000000E+00 1.02969567E+00
4.67000000E+00 1.00193972E+00
4.68000000E+00 9.67414199E-01
4.69000000E+00 9.26553789E-01
4.70000000E+00 9.90652676E-01
4.71000000E+00 9.78654423E-01
4.72000000E+00 9.70540589E-01
4.73000000E+00 9.77515027E-01
4.74000000E+00 9.78922380E-01
4.75000000E+00 1.03069528E+00
4.76000000E+00 9.94077856E-01
4.77000000E+00 9.73588058E-01
4.78000000E+00 1.03212883E+00
4.79000000E+00 9.82602559E-01
4.80000000E+00 9.92706803E-01
4.81000000E+00 1.04191327E+00
4.82000000E+00 1.03406236E+00
4.83000000E+00 1.02536854E+00
4.84000000E+00 9.87825910E-01
4.85000000E+00 9.57970421E-01
4.86000000E+00 9.26147708E-01
4.87000000E+00 9.46221589E-01
4.88000000E+00 9.36490181E-01
4.89000000E+00 9.52206141E-01
4.90000000E+00 9.40585961E-01
4.91000000E+00 9.79616007E-01
4.92000000E+00 9.68161741E-01
4.93000000E+00 9.59965310E-01
4.94000000E+00 9.91889138E-01
4.95000000E+00 1.01056620E+00
4.96000000E+00 9.87042054E-01
4.97000000E+00 9.31608965E-01
4.98000000E+00 9.17423098E-01
4.99000000E+00 9.33778237E-01
5.00000000E+00 9.81266714E-01
5.01000000E+00 9.63643870E-01
5.02000000E+00 9.54867203E-01
5.03000000E+00 9.65198552E-01
5.04000000E+00 9.84059821E-01
5.05000000E+00 9.17980991E-01
5.06000000E+00 9.44231939E-01
5.07000000E+00 9.67002337E-01
5.08000000E+00 9.98795072E-01
5.09000000E+00 9.83774295E-01
5.10000000E+00 9.83333979E-01
5.11000000E+00 1.01619014E+00
5.12000000E+00 9.91019962E-01
5.13000000E+00 9.65144400E-01
5.14000000E+00 9.67732297E-01
5.15000000E+00 1.01732883E+00
5.16000000E+00 1.03987871E+00
5.17000000E+00 1.01967871E+00
5.18000000E+00 9.73528271E-01
5.19000000E+00 9.72131717E-01
5.20000000E+00 9.56754533E-01
5.21000000E+00 9.66322036E-01
5.22000000E+00 1.00754417E+00
5.23000000E+00 9.91466585E-01
5.24000000E+00 9.60087135E-01
5.25000000E+00 9.90812997E-01
5.26000000E+00 1.00594658E+00
5.27000000E+00 9.87781043E-01
5.28000000E+00 9.74507375E-01
5.29000000E+00 9.68773325E-01
5.30000000E+00 9.88350864E-01
5.31000000E+00 9.53415165E-01
5.32000000E+00 9.81062992E-01
5.33000000E+00 1.00517367E+00
5.34000000E+00 9.83175485E-01
5.35000000E+00 9.77830999E-01
5.36000000E+00 9.73849015E-01
5.37000000E+00 9.89787078E-01
5.38000000E+00 1.00894616E+00
5.39000000E+00 1.00708506E+00
5.40000000E+00 1.01671318E+00
5.41000000E+00 1.01469503E+00
5.42000000E+00 1.00905917E+00
5.43000000E+00 9.74472886E-01
5.44000000E+00 9.69696636E-01
5.45000000E+00 9.79499157E-01
5.46000000E+00 9.25821170E-01
5.47000000E+00 9.39566138E-01
5.48000000E+00 9.50161329E-01
5.49000000E+00 9.74600315E-01
5.50000000E+00 9.81133019E-01
5.51000000E+00 1.00223231E+00
5.52000000E+00 9.81519229E-01
5.53000000E+00 9.96236766E-01
5.54000000E+00 9.60891660E-01
5.55000000E+00 9.68617872E-01
5.56000000E+00 1.00868199E+00
5.57000000E+00 1.00244550E+00
5.58000000E+00 9.95336457E-01
5.59000000E+00 1.01242666E+00
5.60000000E+00 1.00925233E+00
5.61000000E+00 1.03006183E+00
5.62000000E+00 1.07312726E+00
5.63000000E+00 1.05919983E+00
5.64000000E+00 1.04499844E+00
5.65000000E+00 1.02420924E+00
5.66000000E+00 1.03505182E+00
5.67000000E+00 1.07594788E+00
5.68000000E+00 1.08456963E+00
5.69000000E+00 1.10233039E+00
5.70000000E+00 1.05853615E+00
5.71000000E+00 1.05677311E+00
5.72000000E+00 1.04948338E+00
5.73000000E+00 1.05672078E+00
5.74000000E+00 1.05521116E+00
5.75000000E+00 1.04936501E+00
5.76000000E+00 1.06492463E+00
5.77000000E+00 1.08317546E+00
5.78000000E+00 1.08479529E+00
5.79000000E+00 1.09762554E+00
5.80000000E+00 1.08159575E+00
5.81000000E+00 1.06975764E+00
5.82000000E+00 1.02195062E+00
5.83000000E+00 9.97061045E-01
5.84000000E+00 9.93302128E-01
5.85000000E+00 1.01132665E+00
5.86000000E+00 9.93882287E-01
5.87000000E+00 1.01589508E+00
5.88000000E+00 1.03840585E+00
5.89000000E+00 1.00534222E+00
5.90000000E+00 9.84386306E-01
5.91000000E+00 9.96672585E-01
5.92000000E+00 1.00320646E+00
5.93000000E+00 1.01112757E+00
5.94000000E+00 1.04050975E+00
5.95000000E+00 1.01900083E+00
5.96000000E+00 1.00225365E+00
5.97000000E+00 9.78708055E-01
5.98000000E+00 9.49223349E-01
5.99000000E+00 9.21163540E-01
6.00000000E+00 9.14031100E-01
6.01000000E+00 9.15859402E-01
6.02000000E+00 9.87531548E-01
6.03000000E+00 9.94169274E-01
6.04000000E+00 1.02355747E+00
6.05000000E+00 1.01224653E+00
6.06000000E+00 1.02455250E+00
6.07000000E+00 9.91296592E-01
6.08000000E+00 9.67726823E-01
6.09000000E+00 1.02404922E+00
6.10000000E+00 1.00688793E+00
6.11000000E+00 9.92657418E-01
6.12000000E+00 1.01827154E+00
6.13000000E+00 1.00101492E+00
6.14000000E+00 9.82786100E-01
6.15000000E+00 9.91985185E-01
6.16000000E+00 9.89541956E-01
6.17000000E+00 9.37887952E-01
6.18000000E+00 9.49800676E-01
6.19000000E+00 9.87375551E-01
6.20000000E+00 9.63035931E-01
6.21000000E+00 9.31864313E-01
6.22000000E+00 9.76690000E-01
6.23000000E+00 1.00090132E+00
6.24000000E+00 1.04400275E+00
6.25000000E+00 1.04579579E+00
6.26000000E+00 1.09426109E+00
6.27000000E+00 1.10597365E+00
6.28000000E+00 1.12110558E+00
6.29000000E+00 1.04968225E+00
6.30000000E+00 1.04642579E+00
6.31000000E+00 9.94324124E-01
6.32000000E+00 9.71478702E-01
6.33000000E+00 9.88705450E-01
6.34000000E+00 9.90630348E-01
6.35000000E+00 9.66857045E-01
6.36000000E+00 9.28306394E-01
6.37000000E+00 9.52708225E-01
6.38000000E+00 9.40266801E-01
6.39000000E+00 9.23186241E-01
6.40000000E+00 9.53617506E-01
6.41000000E+00 9.53185297E-01
6.42000000E+00 9.83741526E-01
6.43000000E+00 9.85298614E-01
6.44000000E+00 1.01278062E+00
6.45000000E+00 1.01741094E+00
6.46000000E+00 1.02545117E+00
6.47000000E+00 1.03397897E+00
6.48000000E+00 1.05675747E+00
6.49000000E+00 1.02602762E+00
6.50000000E+00 1.03153159E+00
6.51000000E+00 1.04652527E+00
6.52000000E+00 1.03946349E+00
6.53000000E+00 1.07199484E+00
6.54000000E+00 1.07020932E+00
6.55000000E+00 1.09652659E+00
6.56000000E+00 1.09289779E+00
6.57000000E+00 1.08249617E+00
6.58000000E+00 1.07818538E+00
6.59000000E+00 1.05107753E+00
6.60000000E+00 1.04445013E+00
6.61000000E+00 1.03059459E+00
6.62000000E+00 1.04810789E+00
6.63000000E+00 1.03594829E+00
6.64000000E+00 1.01344325E+00
6.65000000E+00 9.83987040E-01
6.66000000E+00 1.01880874E+00
6.67000000E+00 1.00341741E+00
6.68000000E+00 1.05607160E+00
6.69000000E+00 1.02224359E+00
6.70000000E+00 1.05168269E+00
6.71000000E+00 1.00293221E+00
6.72000000E+00 9.85153668E-01
6.73000000E+00 9.84107729E-01
6.74000000E+00 9.51695242E-01
6.75000000E+00 9.85428506E-01
6.76000000E+00 1.00550854E+00
6.77000000E+00 9.83358721E-01
6.78000000E+00 9.90528004E-01
6.79000000E+00 1.00386269E+00
6.80000000E+00 1.06845758E+00
6.81000000E+00 1.04993317E+00
6.82000000E+00 1.02588127E+00
6.83000000E+00 1.03902418E+00
6.84000000E+00 1.06868532E+00
6.85000000E+00 1.10954002E+00
6.86000000E+00 1.09157903E+00
6.87000000E+00 1.04409053E+00
6.88000000E+00 1.04987317E+00
6.89000000E+00 1.02895848E+00
6.90000000E+00 1.02308096E+00
6.91000000E+00 1.01144835E+00
6.92000000E+00 1.01508060E+00
6.93000000E+00 9.97389864E-01
6.94000000E+00 1.01407125E+00
6.95000000E+00 1.00490612E+00
6.96000000E+00 1.03628385E+00
6.97000000E+00 1.06349732E+00
6.98000000E+00 1.07430570E+00
6.99000000E+00 1.05617273E+00
7.00000000E+00 1.03221470E+00
7.01000000E+00 9.65466628E-01
7.02000000E+00 9.82621091E-01
7.03000000E+00 9.81423813E-01
7.04000000E+00 1.02043504E+00
7.05000000E+00 1.03233482E+00
7.06000000E+00 1.02656018E+00
7.07000000E+00 1.07029121E+00
7.08000000E+00 1.02281433E+00
7.09000000E+00 1.02066535E+00
7.10000000E+00 1.04167251E+00
7.11000000E+00 1.04794226E+00
7.12000000E+00 1.04534273E+00
7.13000000E+00 1.04910143E+00
7.14000000E+00 1.08699448E+00
7.15000000E+00 1.08574155E+00
7.16000000E+00 1.10191940E+00
7.17000000E+00 1.08796524E+00
7.18000000E+00 1.09386628E+00
7.19000000E+00 1.05000323E+00
7.20000000E+00 1.04857166E+00
7.21000000E+00 9.78869054E-01
7.22000000E+00 1.02544729E+00
7.23000000E+00 1.07051439E+00
7.24000000E+00 1.07978078E+00
7.25000000E+00 1.06032340E+00
7.26000000E+00 1.06434408E+00
7.27000000E+00 1.06501631E+00
7.28000000E+00 1.05243049E+00
7.29000000E+00 1.03361219E+00
7.30000000E+00 1.03726467E+00
7.31000000E+00 9.79129760E-01
7.32000000E+00 9.89350512E-01
7.33000000E+00 9.75962749E-01
7.34000000E+00 1.00220408E+00
7.35000000E+00 1.02326741E+00
7.36000000E+00 1.05597785E+00
7.37000000E+00 1.04389155E+00
7.38000000E+00 9.91841580E-01
7.39000000E+00 1.02213239E+00
7.40000000E+00 1.02286000E+00
7.41000000E+00 1.02250801E+00
7.42000000E+00 1.01240135E+00
7.43000000E+00 9.95375023E-01
7.44000000E+00 9.83259550E-01
7.45000000E+00 9.78884173E-01
7.46000000E+00 9.47563140E-01
7.47000000E+00 9.93943149E-01
7.48000000E+00 9.96883382E-01
7.49000000E+00 9.84093000E-01
7.50000000E+00 1.04545713E+00
7.51000000E+00 1.03771240E+00
7.52000000E+00 1.05094860E+00
7.53000000E+00 1.02704934E+00
7.54000000E+00 9.74676939E-01
7.55000000E+00 1.02709460E+00
7.56000000E+00 1.02889853E+00
7.57000000E+00 1.02438904E+00
7.58000000E+00 1.01787581E+00
7.59000000E+00 1.04282024E+00
7.60000000E+00 1.02028762E+00
7.61000000E+00 1.02357278E+00
7.62000000E+00 9.70769625E-01
7.63000000E+00 9.73492474E-01
7.64000000E+00 9.52297770E-01
7.65000000E+00 9.49445307E-01
7.66000000E+00 9.66698476E-01
7.67000000E+00 9.68296643E-01
7.68000000E+00 9.77185970E-01
7.69000000E+00 9.80453404E-01
7.70000000E+00 9.88096775E-01
7.71000000E+00 1.02818252E+00
7.72000000E+00 1.00064011E+00
7.73000000E+00 9.87810867E-01
7.74000000E+00 1.00802211E+00
7.75000000E+00 9.78096032E-01
7.76000000E+00 9.34584091E-01
7.77000000E+00 9.30703978E-01
7.78000000E+00 9.33299323E-01
7.79000000E+00 9.70831965E-01
7.80000000E+00 9.46565565E-01
7.81000000E+00 1.01433615E+00
7.82000000E+00 1.01664455E+00
7.83000000E+00 1.00866058E+00
7.84000000E+00 9.54975607E-01
7.85000000E+00 9.44944018E-01
7.86000000E+00 9.55966025E-01
7.87000000E+00 9.71334413E-01
7.88000000E+00 1.02278196E+00
7.89000000E+00 1.03868581E+00
7.90000000E+00 1.01683752E+00
7.91000000E+00 1.00837570E+00
7.92000000E+00 1.00781227E+00
7.93000000E+00 9.91915784E-01
7.94000000E+00 9.62937688E-01
7.95000000E+00 1.00803518E+00
7.96000000E+00 9.54863756E-01
7.97000000E+00 9.51216235E-01
7.98000000E+00 9.91612497E-01
7.99000000E+00 9.80000405E-01
8.00000000E+00 9.88152703E-01
8.01000000E+00 1.00891934E+00
8.02000000E+00 9.96635062E-01
8.03000000E+00 9.97158989E-01
8.04000000E+00 1.00110558E+00
8.05000000E+00 1.02139311E+00
8.06000000E+00 9.96069363E-01
8.07000000E+00 1.04993841E+00
8.08000000E+00 1.03519393E+00
8.09000000E+00 9.96980435E-01
8.10000000E+00 9.74577410E-01
8.11000000E+00 9.93371942E-01
8.12000000E+00 1.00818143E+00
8.13000000E+00 1.04050727E+00
8.14000000E+00 1.05944668E+00
8.15000000E+00 1.05804080E+00
8.16000000E+00 1.08749843E+00
8.17000000E+00 1.06973876E+00
8.18000000E+00 1.03041018E+00
8.19000000E+00 9.86181617E-01
8.20000000E+00 1.05747082E+00
8.21000000E+00 1.06725123E+00
8.22000000E+00 1.08617365E+00
8.23000000E+00 1.09976133E+00
8.24000000E+00 1.04521501E+00
8.25000000E+00 1.06165167E+00
8.26000000E+00 1.01773526E+00
8.27000000E+00 9.73975304E-01
8.28000000E+00 9.64349570E-01
8.29000000E+00 1.01449849E+00
8.30000000E+00 1.01688708E+00
8.31000000E+00 9.82346545E-01
8.32000000E+00 1.00488238E+00
8.33000000E+00 9.62722113E-01
8.34000000E+00 9.83576015E-01
8.35000000E+00 1.01298241E+00
8.36000000E+00 9.90849468E-01
8.37000000E+00 9.78608004E-01
8.38000000E+00 1.01227014E+00
8.39000000E+00 9.68754940E-01
8.40000000E+00 9.50506497E-01
8.41000000E+00 9.64965455E-01
8.42000000E+00 9.98203418E-01
8.43000000E+00 9.85512199E-01
8.44000000E+00 1.00550388E+00
8.45000000E+00 9.69875681E-01
8.46000000E+00 1.00851243E+00
8.47000000E+00 9.84395954E-01
8.48000000E+00 9.44577341E-01
8.49000000E+00 9.44596733E-01
8.50000000E+00 9.45812306E-01
8.51000000E+00 9.42142267E-01
8.52000000E+00 9.31542302E-01
8.53000000E+00 9.63417350E-01
8.54000000E+00 1.00011658E+00
8.55000000E+00 9.96108195E-01
8.56000000E+00 9.68983043E-01
8.57000000E+00 9.59003141E-01
8.58000000E+00 9.96335497E-01
8.59000000E+00 1.01733287E+00
8.60000000E+00 1.03419994E+00
8.61000000E+00 1.01633574E+00
8.62000000E+00 9.75497865E-01
8.63000000E+00 9.86794480E-01
8.64000000E+00 1.00902476E+00
8.65000000E+00 9.96160877E-01
8.66000000E+00 9.63632634E-01
8.67000000E+00 9.82270646E-01
8.68000000E+00 9.93620677E-01
8.69000000E+00 9.92217497E-01
8.70000000E+00 1.03412676E+00
8.71000000E+00 1.02201691E+00
8.72000000E+00 1.02421169E+00
8.73000000E+00 1.02629843E+00
8.74000000E+00 1.03851426E+00
8.75000000E+00 1.04139125E+00
8.76000000E+00 1.02268493E+00
8.77000000E+00 1.08389746E+00
8.78000000E+00 1.04572208E+00
8.79000000E+00 1.04854582E+00
8.80000000E+00 1.04478003E+00
8.81000000E+00 1.06453097E+00
8.82000000E+00 1.04241123E+00
8.83000000E+00 1.01044460E+00
8.84000000E+00 1.02294026E+00
8.85000000E+00 1.02417482E+00
8.86000000E+00 9.64997799E-01
8.87000000E+00 9.49109664E-01
8.88000000E+00 9.50385342E-01
8.89000000E+00 9.62680824E-01
8.90000000E+00 9.68880629E-01
8.91000000E+00 9.23373570E-01
8.92000000E+00 9.78643635E-01
8.93000000E+00 9.50998189E-01
8.94000000E+00 9.34732307E-01
8.95000000E+00 9.83993557E-01
8.96000000E+00 9.40200255E-01
8.97000000E+00 9.82784961E-01
8.98000000E+00 9.96577871E-01
8.99000000E+00 1.00569573E+00
9.00000000E+00 1.03835008E+00
9.01000000E+00 1.01929076E+00
9.02000000E+00 9.75637243E-01
9.03000000E+00 9.86246735E-01
9.04000000E+00 9.83976048E-01
9.05000000E+00 1.01355058E+00
9.06000000E+00 1.04890592E+00
9.07000000E+00 1.03637283E+00
9.08000000E+00 1.03855262E+00
9.09000000E+00 9.60348623E-01
9.10000000E+00 9.74973889E-01
9.11000000E+00 9.86827641E-01
9.12000000E+00 9.73326556E-01
9.13000000E+00 1.00298612E+00
9.14000000E+00 1.01571858E+00
9.15000000E+00 9.71056282E-01
9.16000000E+00 9.84253418E-01
9.17000000E+00 9.80461127E-01
9.18000000E+00 9.90101195E-01
9.19000000E+00 9.59072812E-01
9.20000000E+00 9.83587731E-01
9.21000000E+00 1.02600969E+00
9.22000000E+00 1.06140571E+00
9.23000000E+00 1.08795758E+00
9.24000000E+00 1.05040463E+00
9.25000000E+00 1.04518175E+00
9.26000000E+00 1.06948496E+00
9.27000000E+00 1.08796326E+00
9.28000000E+00 1.07565797E+00
9.29000000E+00 1.04416762E+00
9.30000000E+00 9.94697650E-01
9.31000000E+00 9.74569460E-01
9.32000000E+00 9.63254805E-01
9.33000000E+00 9.57573732E-01
9.34000000E+00 1.04004349E+00
9.35000000E+00 1.01532760E+00
9.36000000E+00 1.03614291E+00
9.37000000E+00 1.04665265E+00
9.38000000E+00 1.04435245E+00
9.39000000E+00 1.06222834E+00
9.40000000E+00 1.00768515E+00
9.41000000E+00 9.59363687E-01
9.42000000E+00 1.00787212E+00
9.43000000E+00 1.00119567E+00
9.44000000E+00 9.78156522E-01
9.45000000E+00 9.51243305E-01
9.46000000E+00 9.78439973E-01
9.47000000E+00 9.56567496E-01
9.48000000E+00 9.69874359E-01
9.49000000E+00 9.55571618E-01
9.50000000E+00 9.96575951E-01
9.51000000E+00 1.01502944E+00
9.52000000E+00 1.01854706E+00
9.53000000E+00 1.00296845E+00
9.54000000E+00 1.01560816E+00
9.55000000E+00 1.00747603E+00
9.56000000E+00 9.85539789E-01
9.57000000E+00 9.85623787E-01
9.58000000E+00 9.90623731E-01
9.59000000E+00 1.00161226E+00
9.60000000E+00 1.00110867E+00
9.61000000E+00 9.89601135E-01
9.62000000E+00 9.89794722E-01
9.63000000E+00 1.00294993E+00
9.64000000E+00 9.80241864E-01
9.65000000E+00 9.82954096E-01
9.66000000E+00 9.46298255E-01
9.67000000E+00 9.60090500E-01
9.68000000E+00 9.56984805E-01
9.69000000E+00 9.79324867E-01
9.70000000E+00 1.01890811E+00
9.71000000E+00 1.02946587E+00
9.72000000E+00 9.98517851E-01
9.73000000E+00 9.59352899E-01
9.74000000E+00 9.88541795E-01
9.75000000E+00 9.73101920E-01
9.76000000E+00 1.01723611E+00
9.77000000E+00 1.01811964E+00
9.78000000E+00 1.00551403E+00
9.79000000E+00 9.85745025E-01
9.80000000E+00 9.58421902E-01
9.81000000E+00 9.69216412E-01
9.82000000E+00 9.46809100E-01
9.83000000E+00 9.87756662E-01
9.84000000E+00 1.01276023E+00
9.85000000E+00 1.04451303E+00
9.86000000E+00 1.05488387E+00
9.87000000E+00 1.04886449E+00
9.88000000E+00 1.05891619E+00
9.89000000E+00 1.03761493E+00
9.90000000E+00 9.96742896E-01
9.91000000E+00 1.00636939E+00
9.92000000E+00 1.02983962E+00
9.93000000E+00 1.07856139E+00
9.94000000E+00 1.05861343E+00
9.95000000E+00 1.07453730E+00
9.96000000E+00 1.03582940E+00
9.97000000E+00 1.03719080E+00
9.98000000E+00 9.97061168E-01
9.99000000E+00 9.95311917E-01
1.00000000E+01 9.96913375E-01
