0.00000000E+00 6.16557582E-01
1.00000000E-02 6.37659051E-01
2.00000000E-02 5.98853210E-01
3.00000000E-02 5.93062022E-01
4.00000000E-02 5.81884960E-01
5.00000000E-02 5.84457714E-01
6.00000000E-02 5.83636455E-01
7.00000000E-02 5.97960543E-01
8.00000000E-02 6.19466550E-01
9.00000000E-02 6.16279747E-01
1.00000000E-01 6.25707779E-01
1.10000000E-01 6.48111515E-01
1.20000000E-01 6.14427356E-01
1.30000000E-01 6.38646445E-01
1.40000000E-01 6.36384286E-01
1.50000000E-01 6.66788718E-01
1.60000000E-01 6.78888090E-01
1.70000000E-01 6.91401134E-01
1.80000000E-01 6.75863886E-01
1.90000000E-01 6.38733841E-01
2.00000000E-01 6.62512072E-01
2.10000000E-01 6.45658359E-01
2.20000000E-01 6.60300353E-01
2.30000000E-01 6.50026503E-01
2.40000000E-01 6.22387744E-01
2.50000000E-01 6.36927097E-01
2.60000000E-01 6.15762579E-01
2.70000000E-01 5.64597074E-01
2.80000000E-01 6.26297893E-01
2.90000000E-01 5.95925264E-01
3.00000000E-01 6.08744552E-01
3.10000000E-01 6.35565090E-01
3.20000000E-01 6.72073954E-01
3.30000000E-01 6.71194092E-01
3.40000000E-01 6.58937304E-01
3.50000000E-01 6.99454792E-01
3.60000000E-01 6.88456359E-01
3.70000000E-01 6.54214860E-01
3.80000000E-01 6.23104415E-01
3.90000000E-01 6.31794587E-01
4.00000000E-01 6.22417592E-01
4.10000000E-01 6.24912329E-01
4.20000000E-01 6.14067202E-01
4.30000000E-01 6.38321690E-01
4.40000000E-01 6.54673369E-01
4.50000000E-01 6.45499120E-01
4.60000000E-01 6.34475937E-01
4.70000000E-01 6.06004036E-01
4.80000000E-01 6.43765801E-01
4.90000000E-01 6.32112930E-01
5.00000000E-01 6.57176747E-01
5.10000000E-01 6.59403010E-01
5.20000000E-01 6.46550534E-01
5.30000000E-01 6.37512436E-01
5.40000000E-01 6.10046702E-01
5.50000000E-01 6.00808794E-01
5.60000000E-01 6.15947696E-01
5.70000000E-01 6.26190948E-01
5.80000000E-01 6.12028081E-01
5.90000000E-01 6.06281981E-01
6.00000000E-01 6.18527843E-01
6.10000000E-01 6.15965166E-01
6.20000000E-01 6.14301521E-01
6.30000000E-01 5.95923960E-01
6.40000000E-01 5.63722969E-01
6.50000000E-01 5.56160796E-01
6.60000000E-01 6.02749401E-01
6.70000000E-01 5.86840759E-01
6.80000000E-01 6.08005173E-01
6.90000000E-01 6.45375759E-01
7.00000000E-01 6.06947615E-01
7.10000000E-01 6.15849453E-01
7.20000000E-01 6.11438166E-01
7.30000000E-01 6.09472079E-01
7.40000000E-01 6.00533989E-01
7.50000000E-01 6.03996824E-01
7.60000000E-01 6.10115492E-01
7.70000000E-01 6.36080038E-01
7.80000000E-01 6.61369351E-01
7.90000000E-01 6.52978309E-01
8.00000000E-01 6.45247735E-01
8.10000000E-01 6.64361247E-01
8.20000000E-01 6.44575653E-01
8.30000000E-01 6.52290406E-01
8.40000000E-01 6.79518022E-01
8.50000000E-01 6.69539921E-01
8.60000000E-01 6.47388046E-01
8.70000000E-01 6.58849467E-01
8.80000000E-01 6.39976848E-01
8.90000000E-01 6.56748876E-01
9.00000000E-01 6.44866037E-01
9.10000000E-01 6.38587853E-01
9.20000000E-01 6.32148153E-01
9.30000000E-01 6.35044329E-01
9.40000000E-01 6.31610638E-01
9.50000000E-01 6.22790370E-01
9.60000000E-01 6.07104412E-01
9.70000000E-01 6.07652023E-01
9.80000000E-01 6.10795703E-01
9.90000000E-01 6.14570109E-01
1.00000000E+00 6.04597210E-01
1.01000000E+00 5.85150322E-01
1.02000000E+00 5.79983557E-01
1.03000000E+00 5.94138672E-01
1.04000000E+00 6.08591420E-01
1.05000000E+00 6.33268465E-01
1.06000000E+00 6.63123476E-01
1.07000000E+00 6.48522232E-01
1.08000000E+00 6.27724448E-01
1.09000000E+00 6.64488186E-01
1.10000000E+00 6.21505033E-01
1.11000000E+00 6.06087986E-01
1.12000000E+00 5.99721369E-01
1.13000000E+00 5.87661860E-01
1.14000000E+00 6.20959970E-01
1.15000000E+00 6.36466755E-01
1.16000000E+00 6.20618851E-01
1.17000000E+00 6.17503410E-01
1.18000000E+00 6.05646400E-01
1.19000000E+00 6.02531471E-01
1.20000000E+00 5.84293795E-01
1.21000000E+00 6.06754545E-01
1.22000000E+00 6.02752755E-01
1.23000000E+00 5.81648016E-01
1.24000000E+00 6.01781447E-01
1.25000000E+00 6.31420952E-01
1.26000000E+00 6.24016959E-01
1.27000000E+00 6.37826698E-01
1.28000000E+00 6.16547121E-01
1.29000000E+00 6.40775069E-01
1.30000000E+00 6.16707666E-01
1.31000000E+00 6.06656653E-01
1.32000000E+00 5.93910644E-01
1.33000000E+00 5.98689811E-01
1.34000000E+00 5.60344631E-01
1.35000000E+00 5.57985586E-01
1.36000000E+00 5.73117007E-01
1.37000000E+00 5.82961347E-01
1.38000000E+00 5.95643259E-01
1.39000000E+00 5.75335688E-01
1.40000000E+00 5.71674543E-01
1.41000000E+00 5.72818388E-01
1.42000000E+00 5.94956573E-01
1.43000000E+00 6.07411294E-01
1.44000000E+00 6.03426995E-01
1.45000000E+00 6.14065502E-01
1.46000000E+00 6.00450591E-01
1.47000000E+00 6.09063603E-01
1.48000000E+00 6.02556260E-01
1.49000000E+00 6.33767947E-01
1.50000000E+00 6.32556190E-01
1.51000000E+00 6.63003256E-01
1.52000000E+00 6.27468364E-01
1.53000000E+00 6.06357160E-01
1.54000000E+00 6.00110042E-01
1.55000000E+00 6.11442298E-01
1.56000000E+00 6.03360996E-01
1.57000000E+00 5.95989944E-01
1.58000000E+00 6.15125556E-01
1.59000000E+00 6.06363062E-01
1.60000000E+00 6.00839486E-01
1.61000000E+00 6.02246117E-01
1.62000000E+00 6.11637418E-01
1.63000000E+00 6.42060264E-01
1.64000000E+00 6.36569111E-01
1.65000000E+00 6.44105343E-01
1.66000000E+00 6.16539687E-01
1.67000000E+00 6.08274093E-01
1.68000000E+00 6.29308508E-01
1.69000000E+00 6.27322632E-01
1.70000000E+00 6.50294458E-01
1.71000000E+00 6.77470279E-01
1.72000000E+00 6.46735247E-01
1.73000000E+00 6.27934141E-01
1.74000000E+00 6.41098933E-01
1.75000000E+00 6.11321491E-01
1.76000000E+00 6.27100959E-01
1.77000000E+00 6.38635237E-01
1.78000000E+00 6.60286311E-01
1.79000000E+00 6.51548904E-01
1.80000000E+00 6.39612633E-01
1.81000000E+00 6.40496390E-01
1.82000000E+00 6.42743404E-01
1.83000000E+00 6.61574138E-01
1.84000000E+00 6.66731761E-01
1.85000000E+00 6.70012883E-01
1.86000000E+00 6.80488172E-01
1.87000000E+00 6.39200030E-01
1.88000000E+00 6.21411958E-01
1.89000000E+00 6.21506830E-01
1.90000000E+00 6.15981620E-01
1.91000000E+00 6.21918883E-01
1.92000000E+00 6.30595422E-01
1.93000000E+00 6.44254232E-01
1.94000000E+00 6.37874370E-01
1.95000000E+00 6.06336896E-01
1.96000000E+00 6.29244539E-01
1.97000000E+00 5.86075465E-01
1.98000000E+00 5.60627506E-01
1.99000000E+00 5.82822150E-01
2.00000000E+00 5.97194074E-01
2.01000000E+00 6.03445264E-01
2.02000000E+00 6.27635974E-01
2.03000000E+00 5.98932690E-01
2.04000000E+00 6.06995272E-01
2.05000000E+00 5.82982172E-01
2.06000000E+00 5.85484559E-01
2.07000000E+00 5.91447165E-01
2.08000000E+00 6.08800354E-01
2.09000000E+00 5.95762111E-01
2.10000000E+00 5.99528422E-01
2.11000000E+00 5.74683724E-01
2.12000000E+00 5.80334089E-01
2.13000000E+00 6.16703698E-01
2.14000000E+00 6.50469603E-01
2.15000000E+00 6.35585688E-01
2.16000000E+00 6.18800330E-01
2.17000000E+00 6.19502800E-01
2.18000000E+00 6.31757829E-01
2.19000000E+00 6.26193659E-01
2.20000000E+00 5.97032462E-01
2.21000000E+00 5.73170027E-01
2.22000000E+00 5.92613534E-01
2.23000000E+00 5.91967748E-01
2.24000000E+00 6.01770793E-01
2.25000000E+00 5.99464298E-01
2.26000000E+00 6.13594696E-01
2.27000000E+00 6.67995694E-01
2.28000000E+00 6.48000455E-01
2.29000000E+00 6.46602115E-01
2.30000000E+00 6.28106064E-01
2.31000000E+00 6.44352675E-01
2.32000000E+00 6.42905406E-01
2.33000000E+00 6.71599036E-01
2.34000000E+00 6.36379910E-01
2.35000000E+00 6.51278143E-01
2.36000000E+00 6.55471708E-01
2.37000000E+00 6.41028841E-01
2.38000000E+00 6.25415766E-01
2.39000000E+00 5.98132049E-01
2.40000000E+00 6.13805647E-01
2.41000000E+00 5.87701870E-01
2.42000000E+00 6.02481078E-01
2.43000000E+00 5.94553033E-01
2.44000000E+00 5.85388211E-01
2.45000000E+00 5.97199372E-01
2.46000000E+00 6.06297425E-01
2.47000000E+00 6.08414540E-01
2.48000000E+00 6.27884230E-01
2.49000000E+00 6.44500413E-01
2.50000000E+00 6.22593872E-01
2.51000000E+00 6.75219207E-01
2.52000000E+00 6.58309265E-01
2.53000000E+00 6.68696155E-01
2.54000000E+00 6.64527390E-01
2.55000000E+00 6.87872368E-01
2.56000000E+00 6.76769300E-01
2.57000000E+00 6.45051957E-01
2.58000000E+00 6.44466738E-01
2.59000000E+00 6.21345649E-01
2.60000000E+00 6.36718210E-01
2.61000000E+00 6.44377968E-01
2.62000000E+00 6.19274994E-01
2.63000000E+00 6.42982727E-01
2.64000000E+00 6.11505929E-01
2.65000000E+00 6.29188874E-01
2.66000000E+00 6.09055256E-01
2.67000000E+00 5.99738369E-01
2.68000000E+00 6.32709984E-01
2.69000000E+00 6.41390910E-01
2.70000000E+00 6.16641100E-01
2.71000000E+00 5.95795599E-01
2.72000000E+00 6.35191577E-01
2.73000000E+00 6.13112943E-01
2.74000000E+00 6.11372811E-01
2.75000000E+00 5.89658732E-01
2.76000000E+00 6.25692948E-01
2.77000000E+00 6.12161851E-01
2.78000000E+00 6.14522027E-01
2.79000000E+00 6.33527882E-01
2.80000000E+00 6.44530499E-01
2.81000000E+00 6.40149242E-01
2.82000000E+00 6.39606687E-01
2.83000000E+00 6.43715536E-01
2.84000000E+00 6.47820951E-01
2.85000000E+00 6.43447651E-01
2.86000000E+00 6.34353250E-01
2.87000000E+00 5.99243520E-01
2.88000000E+00 6.03510517E-01
2.89000000E+00 5.98936698E-01
2.90000000E+00 5.95780423E-01
2.91000000E+00 5.94377016E-01
2.92000000E+00 6.06224953E-01
2.93000000E+00 5.58616468E-01
2.94000000E+00 5.75390660E-01
2.95000000E+00 6.11073417E-01
2.96000000E+00 6.07171168E-01
2.97000000E+00 6.14889029E-01
2.98000000E+00 6.51288837E-01
2.99000000E+00 6.46264551E-01
3.00000000E+00 6.46733706E-01
3.01000000E+00 6.19245703E-01
3.02000000E+00 6.03600299E-01
3.03000000E+00 6.37615899E-01
3.04000000E+00 6.09179611E-01
3.05000000E+00 5.85898612E-01
3.06000000E+00 5.83068118E-01
3.07000000E+00 6.04050650E-01
3.08000000E+00 6.28264802E-01
3.09000000E+00 6.27824444E-01
3.10000000E+00 6.04315941E-01
3.11000000E+00 6.07004444E-01
3.12000000E+00 5.85266570E-01
3.13000000E+00 6.04391200E-01
3.14000000E+00 6.27911033E-01
3.15000000E+00 6.57298029E-01
3.16000000E+00 6.35607403E-01
3.17000000E+00 6.62361430E-01
3.18000000E+00 6.91073004E-01
3.19000000E+00 6.65704990E-01
3.20000000E+00 6.57774234E-01
3.21000000E+00 6.57309396E-01
3.22000000E+00 6.44394181E-01
3.23000000E+00 6.20227812E-01
3.24000000E+00 6.16194215E-01
3.25000000E+00 6.16991975E-01
3.26000000E+00 6.33792828E-01
3.27000000E+00 6.07081259E-01
3.28000000E+00 5.86913851E-01
3.29000000E+00 5.86223499E-01
3.30000000E+00 5.75396544E-01
3.31000000E+00 5.76801051E-01
3.32000000E+00 5.73978874E-01
3.33000000E+00 5.77931589E-01
3.34000000E+00 5.59601843E-01
3.35000000E+00 5.69733312E-01
3.36000000E+00 5.75025759E-01
3.37000000E+00 5.85556308E-01
3.38000000E+00 5.96281461E-01
3.39000000E+00 6.60844844E-01
3.40000000E+00 6.35062977E-01
3.41000000E+00 6.25694733E-01
3.42000000E+00 5.80496310E-01
3.43000000E+00 5.91182194E-01
3.44000000E+00 5.92657715E-01
3.45000000E+00 5.87899495E-01
3.46000000E+00 5.75157903E-01
3.47000000E+00 6.02180018E-01
3.48000000E+00 6.14873171E-01
3.49000000E+00 6.16702719E-01
3.50000000E+00 6.04142661E-01
3.51000000E+00 6.01722006E-01
3.52000000E+00 6.27559681E-01
3.53000000E+00 6.37328155E-01
3.54000000E+00 6.37918520E-01
3.55000000E+00 6.33315925E-01
3.56000000E+00 6.18831318E-01
3.57000000E+00 6.09445384E-01
3.58000000E+00 6.25812926E-01
3.59000000E+00 5.93090870E-01
3.60000000E+00 5.95091934E-01
3.61000000E+00 5.87246244E-01
3.62000000E+00 5.83152575E-01
3.63000000E+00 5.73636168E-01
3.64000000E+00 5.92192656E-01
3.65000000E+00 5.97678645E-01
3.66000000E+00 6.09122957E-01
3.67000000E+00 6.13288322E-01
3.68000000E+00 6.22536796E-01
3.69000000E+00 6.34093654E-01
3.70000000E+00 6.42719946E-01
3.71000000E+00 6.22895058E-01
3.72000000E+00 6.45366902E-01
3.73000000E+00 6.39464463E-01
3.74000000E+00 6.44378898E-01
3.75000000E+00 6.24597696E-01
3.76000000E+00 6.36776445E-01
3.77000000E+00 6.18081982E-01
3.78000000E+00 5.95922071E-01
3.79000000E+00 6.31725606E-01
3.80000000E+00 6.28487961E-01
3.81000000E+00 6.41458046E-01
3.82000000E+00 6.32499443E-01
3.83000000E+00 6.41464038E-01
3.84000000E+00 6.61298507E-01
3.85000000E+00 6.28461015E-01
3.86000000E+00 6.55814233E-01
3.87000000E+00 6.56165676E-01
3.88000000E+00 6.48013908E-01
3.89000000E+00 6.46699836E-01
3.90000000E+00 6.51732996E-01
3.91000000E+00 6.56624410E-01
3.92000000E+00 6.36761202E-01
3.93000000E+00 6.10310776E-01
3.94000000E+00 6.02068647E-01
3.95000000E+00 6.02630127E-01
3.96000000E+00 6.09592843E-01
3.97000000E+00 6.21234826E-01
3.98000000E+00 6.14020221E-01
3.99000000E+00 6.36587727E-01
4.00000000E+00 6.49290129E-01
4.01000000E+00 6.68683624E-01
4.02000000E+00 6.50737844E-01
4.03000000E+00 6.24963191E-01
4.04000000E+00 6.42149774E-01
4.05000000E+00 6.53074536E-01
4.06000000E+00 6.39795023E-01
4.07000000E+00 6.34602293E-01
4.08000000E+00 6.38123347E-01
4.09000000E+00 6.58676851E-01
4.10000000E+00 6.22937485E-01
4.11000000E+00 6.16058795E-01
4.12000000E+00 5.96111861E-01
4.13000000E+00 6.01584595E-01
4.14000000E+00 6.15115864E-01
4.15000000E+00 5.94959854E-01
4.16000000E+00 5.88920770E-01
4.17000000E+00 6.05548751E-01
4.18000000E+00 5.94623359E-01
4.19000000E+00 5.96985949E-01
4.20000000E+00 6.05360136E-01
4.21000000E+00 5.91137334E-01
4.22000000E+00 6.05991839E-01
4.23000000E+00 5.97649597E-01
4.24000000E+00 6.09898905E-01
4.25000000E+00 6.01324928E-01
4.26000000E+00 5.96482590E-01
4.27000000E+00 6.29346900E-01
4.28000000E+00 6.17284677E-01
4.29000000E+00 6.23915222E-01
4.30000000E+00 6.36798770E-01
4.31000000E+00 6.03967336E-01
4.32000000E+00 5.89639728E-01
4.33000000E+00 5.68561399E-01
4.34000000E+00 5.65012047E-01
4.35000000E+00 5.56678573E-01
4.36000000E+00 5.80629470E-01
4.37000000E+00 6.09668384E-01
4.38000000E+00 6.09949816E-01
4.39000000E+00 6.17313590E-01
4.40000000E+00 6.00394468E-01
4.41000000E+00 5.62489790E-01
4.42000000E+00 5.66614146E-01
4.43000000E+00 6.03997758E-01
4.44000000E+00 6.13292570E-01
4.45000000E+00 5.98707021E-01
4.46000000E+00 6.26320806E-01
4.47000000E+00 6.29702039E-01
4.48000000E+00 6.55027956E-01
4.49000000E+00 6.27929239E-01
4.50000000E+00 6.20022344E-01
4.51000000E+00 6.33527760E-01
4.52000000E+00 6.24638806E-01
4.53000000E+00 6.27871036E-01
4.54000000E+00 5.99556480E-01
4.55000000E+00 6.06145103E-01
4.56000000E+00 6.14538490E-01
4.57000000E+00 6.31260632E-01
4.58000000E+00 6.22112847E-01
4.59000000E+00 6.40728478E-01
4.60000000E+00 6.78380180E-01
4.61000000E+00 6.82940599E-01
4.62000000E+00 6.64634222E-01
4.63000000E+00 6.28159925E-01
4.64000000E+00 6.29001816E-01
4.65000000E+00 6.57469519E-01
4.66000000E+00 6.41443335E-01
4.67000000E+00 6.61813509E-01
4.68000000E+00 6.66338202E-01
4.69000000E+00 6.49208621E-01
4.70000000E+00 6.62201791E-01
4.71000000E+00 6.60933021E-01
4.72000000E+00 6.39284487E-01
4.73000000E+00 6.31858173E-01
4.74000000E+00 6.80396065E-01
4.75000000E+00 6.81822756E-01
4.76000000E+00 6.42995939E-01
4.77000000E+00 6.37580198E-01
4.78000000E+00 6.09553374E-01
4.79000000E+00 6.17977587E-01
4.80000000E+00 6.25249849E-01
4.81000000E+00 6.22307345E-01
4.82000000E+00 6.32928917E-01
4.83000000E+00 6.12786629E-01
4.84000000E+00 6.37431200E-01
4.85000000E+00 6.56374962E-01
4.86000000E+00 6.63793516E-01
4.87000000E+00 6.59950462E-01
4.88000000E+00 6.17881636E-01
4.89000000E+00 6.22770736E-01
4.90000000E+00 6.15537145E-01
4.91000000E+00 5.80800765E-01
4.92000000E+00 5.66341336E-01
4.93000000E+00 5.62202879E-01
4.94000000E+00 5.92234447E-01
4.95000000E+00 5.77198199E-01
4.96000000E+00 5.74482156E-01
4.97000000E+00 5.57757752E-01
4.98000000E+00 5.40082398E-01
4.99000000E+00 5.95467819E-01
5.00000000E+00 6.38604951E-01
5.01000000E+00 6.37134075E-01
5.02000000E+00 6.31494529E-01
5.03000000E+00 6.11154601E-01
5.04000000E+00 5.95262301E-01
5.05000000E+00 5.90220001E-01
5.06000000E+00 5.97212004E-01
5.07000000E+00 5.90117613E-01
5.08000000E+00 6.24657759E-01
5.09000000E+00 5.67345728E-01
5.10000000E+00 5.85191465E-01
5.11000000E+00 6.04196991E-01
5.12000000E+00 5.93506730E-01
5.13000000E+00 5.84581940E-01
5.14000000E+00 5.82342182E-01
5.15000000E+00 6.09685015E-01
5.16000000E+00 5.98629095E-01
5.17000000E+00 5.88488021E-01
5.18000000E+00 5.93708457E-01
5.19000000E+00 5.82339332E-01
5.20000000E+00 5.78918786E-01
5.21000000E+00 5.72714202E-01
5.22000000E+00 6.05073015E-01
5.23000000E+00 5.86965430E-01
5.24000000E+00 6.32088911E-01
5.25000000E+00 6.45018456E-01
5.26000000E+00 6.04682386E-01
5.27000000E+00 6.45342844E-01
5.28000000E+00 6.34749938E-01
5.29000000E+00 6.34650432E-01
5.30000000E+00 6.27156496E-01
5.31000000E+00 6.23018380E-01
5.32000000E+00 6.28456208E-01
5.33000000E+00 6.47935535E-01
5.34000000E+00 6.28545872E-01
5.35000000E+00 6.48531475E-01
5.36000000E+00 6.52877539E-01
5.37000000E+00 6.38950675E-01
5.38000000E+00 6.55240267E-01
5.39000000E+00 6.58458079E-01
5.40000000E+00 6.37591541E-01
5.41000000E+00 6.31931200E-01
5.42000000E+00 6.24690118E-01
5.43000000E+00 6.41526718E-01
5.44000000E+00 6.52687938E-01
5.45000000E+00 6.52292175E-01
5.46000000E+00 6.60736684E-01
5.47000000E+00 6.38573395E-01
5.48000000E+00 6.28033788E-01
5.49000000E+00 6.19133079E-01
5.50000000E+00 6.32075825E-01
5.51000000E+00 6.16496535E-01
5.52000000E+00 6.04121338E-01
5.53000000E+00 5.99067439E-01
5.54000000E+00 6.21389947E-01
5.55000000E+00 5.85733152E-01
5.56000000E+00 6.24424506E-01
5.57000000E+00 6.25284773E-01
5.58000000E+00 6.40709732E-01
5.59000000E+00 6.29399216E-01
5.60000000E+00 6.05554324E-01
5.61000000E+00 6.03100454E-01
5.62000000E+00 6.08692439E-01
5.63000000E+00 5.91964667E-01
5.64000000E+00 6.54118765E-01
5.65000000E+00 6.64980907E-01
5.66000000E+00 6.20209762E-01
5.67000000E+00 6.29009717E-01
5.68000000E+00 6.12264421E-01
5.69000000E+00 6.05087289E-01
5.70000000E+00 6.10641956E-01
5.71000000E+00 6.24449498E-01
5.72000000E+00 6.11949800E-01
5.73000000E+00 5.99138734E-01
5.74000000E+00 6.31040119E-01
5.75000000E+00 6.06825466E-01
5.76000000E+00 5.90820722E-01
5.77000000E+00 5.98516970E-01
5.78000000E+00 6.01755699E-01
5.79000000E+00 5.72205297E-01
5.80000000E+00 5.71477220E-01
5.81000000E+00 5.76496317E-01
5.82000000E+00 6.01234234E-01
5.83000000E+00 5.94913784E-01
5.84000000E+00 6.18927913E-01
5.85000000E+00 6.17856211E-01
5.86000000E+00 6.31314328E-01
5.87000000E+00 6.37533401E-01
5.88000000E+00 6.45601221E-01
5.89000000E+00 6.14494621E-01
5.90000000E+00 6.42711196E-01
5.91000000E+00 6.52176694E-01
5.92000000E+00 6.36952803E-01
5.93000000E+00 6.27063163E-01
5.94000000E+00 6.11067214E-01
5.95000000E+00 6.00332075E-01
5.96000000E+00 6.16630100E-01
5.97000000E+00 5.87129402E-01
5.98000000E+00 5.80010773E-01
5.99000000E+00 5.89604941E-01
6.00000000E+00 6.13966532E-01
6.01000000E+00 6.18953673E-01
6.02000000E+00 6.05173567E-01
6.03000000E+00 6.16288182E-01
6.04000000E+00 6.43525395E-01
6.05000000E+00 6.46577309E-01
6.06000000E+00 6.39394820E-01
6.07000000E+00 6.24388346E-01
6.08000000E+00 6.24160511E-01
6.09000000E+00 6.31884083E-01
6.10000000E+00 6.17359549E-01
6.11000000E+00 6.54936114E-01
6.12000000E+00 6.39197623E-01
6.13000000E+00 6.34566351E-01
6.14000000E+00 6.46116373E-01
6.15000000E+00 6.21486694E-01
6.16000000E+00 6.41345505E-01
6.17000000E+00 6.75113263E-01
6.18000000E+00 6.94396343E-01
6.19000000E+00 6.68359980E-01
6.20000000E+00 6.84110874E-01
6.21000000E+00 6.51278901E-01
6.22000000E+00 6.64592405E-01
6.23000000E+00 6.29678208E-01
6.24000000E+00 6.06861044E-01
6.25000000E+00 5.91829253E-01
6.26000000E+00 5.87196300E-01
6.27000000E+00 5.73881016E-01
6.28000000E+00 5.80676419E-01
6.29000000E+00 6.01877661E-01
6.30000000E+00 6.05047263E-01
6.31000000E+00 6.14996716E-01
6.32000000E+00 6.20754889E-01
6.33000000E+00 6.17633257E-01
6.34000000E+00 5.94184687E-01
6.35000000E+00 5.68066787E-01
6.36000000E+00 5.67470798E-01
6.37000000E+00 5.66266987E-01
6.38000000E+00 5.72804486E-01
6.39000000E+00 5.98150351E-01
6.40000000E+00 5.85954361E-01
6.41000000E+00 6.27746752E-01
6.42000000E+00 6.34431659E-01
6.43000000E+00 6.20075549E-01
6.44000000E+00 6.31790773E-01
6.45000000E+00 6.15863515E-01
6.46000000E+00 6.14093097E-01
6.47000000E+00 6.29685009E-01
6.48000000E+00 6.26163629E-01
6.49000000E+00 6.20393588E-01
6.50000000E+00 5.95181225E-01
6.51000000E+00 5.97457949E-01
6.52000000E+00 6.04065261E-01
6.53000000E+00 5.97804044E-01
6.54000000E+00 6.29640636E-01
6.55000000E+00 6.33962963E-01
6.56000000E+00 6.04528483E-01
6.57000000E+00 5.97860392E-01
6.58000000E+00 6.01079395E-01
6.59000000E+00 5.82515679E-01
6.60000000E+00 5.91139409E-01
6.61000000E+00 5.98356608E-01
6.62000000E+00 6.30844449E-01
6.63000000E+00 6.38300898E-01
6.64000000E+00 6.37420143E-01
6.65000000E+00 6.51500047E-01
6.66000000E+00 6.45329741E-01
6.67000000E+00 6.34163819E-01
6.68000000E+00 6.52025239E-01
6.69000000E+00 6.61684435E-01
6.70000000E+00 6.87209722E-01
6.71000000E+00 6.64378339E-01
6.72000000E+00 6.71871913E-01
6.73000000E+00 6.63262611E-01
6.74000000E+00 6.38845487E-01
6.75000000E+00 6.22023123E-01
6.76000000E+00 6.05697057E-01
6.77000000E+00 6.17440544E-01
6.78000000E+00 6.20460206E-01
6.79000000E+00 6.25399162E-01
6.80000000E+00 6.37791144E-01
6.81000000E+00 6.49024508E-01
6.82000000E+00 6.44126024E-01
6.83000000E+00 6.38225379E-01
6.84000000E+00 6.43780406E-01
6.85000000E+00 6.51408931E-01
6.86000000E+00 6.32389892E-01
6.87000000E+00 6.16635646E-01
6.88000000E+00 6.17853046E-01
6.89000000E+00 6.07972484E-01
6.90000000E+00 6.08512211E-01
6.91000000E+00 5.89784239E-01
6.92000000E+00 6.19748158E-01
6.93000000E+00 6.11751281E-01
6.94000000E+00 6.10175790E-01
6.95000000E+00 5.64422201E-01
6.96000000E+00 5.70756234E-01
6.97000000E+00 5.75909696E-01
6.98000000E+00 5.91205194E-01
6.99000000E+00 5.79137659E-01
7.00000000E+00 5.99494677E-01
7.01000000E+00 5.93652990E-01
7.02000000E+00 6.35373547E-01
7.03000000E+00 6.44162040E-01
7.04000000E+00 6.26442556E-01
7.05000000E+00 6.04182699E-01
7.06000000E+00 5.77584030E-01
7.07000000E+00 6.02294253E-01
7.08000000E+00 6.07174724E-01
7.09000000E+00 6.53850154E-01
7.10000000E+00 6.53704675E-01
7.11000000E+00 6.58324529E-01
7.12000000E+00 6.47468088E-01
7.13000000E+00 6.28367004E-01
7.14000000E+00 6.22631574E-01
7.15000000E+00 6.36087914E-01
7.16000000E+00 6.10056596E-01
7.17000000E+00 5.93449588E-01
7.18000000E+00 5.90299774E-01
7.19000000E+00 6.00512106E-01
7.20000000E+00 6.12683215E-01
7.21000000E+00 6.00937426E-01
7.22000000E+00 6.35135211E-01
7.23000000E+00 6.43223352E-01
7.24000000E+00 6.55140943E-01
7.25000000E+00 6.29798152E-01
7.26000000E+00 6.44512772E-01
7.27000000E+00 6.33877320E-01
7.28000000E+00 6.03158149E-01
7.29000000E+00 5.74049071E-01
7.30000000E+00 5.72463805E-01
7.31000000E+00 5.87644260E-01
7.32000000E+00 5.93135856E-01
7.33000000E+00 6.32093199E-01
7.34000000E+00 6.39562070E-01
7.35000000E+00 6.38402822E-01
7.36000000E+00 6.48533997E-01
7.37000000E+00 6.11533020E-01
7.38000000E+00 6.15804760E-01
7.39000000E+00 6.25025315E-01
7.40000000E+00 6.33790455E-01
7.41000000E+00 6.34263117E-01
7.42000000E+00 6.43814618E-01
7.43000000E+00 6.46344574E-01
7.44000000E+00 6.56553141E-01
7.45000000E+00 6.51865179E-01
7.46000000E+00 6.55483649E-01
7.47000000E+00 6.67273581E-01
7.48000000E+00 6.50746153E-01
7.49000000E+00 6.36836966E-01
7.50000000E+00 6.34858437E-01
7.51000000E+00 6.30236037E-01
7.52000000E+00 6.02420961E-01
7.53000000E+00 6.22381587E-01
7.54000000E+00 6.36785653E-01
7.55000000E+00 6.29336077E-01
7.56000000E+00 6.27721201E-01
7.57000000E+00 6.29885306E-01
7.58000000E+00 6.23588315E-01
7.59000000E+00 6.35267131E-01
7.60000000E+00 6.19773258E-01
7.61000000E+00 6.06499999E-01
7.62000000E+00 5.93419816E-01
7.63000000E+00 5.92875504E-01
7.64000000E+00 6.08941641E-01
7.65000000E+00 6.14684570E-01
7.66000000E+00 6.45132039E-01
7.67000000E+00 6.46117527E-01
7.68000000E+00 6.34042151E-01
7.69000000E+00 6.55314790E-01
7.70000000E+00 6.63218005E-01
7.71000000E+00 6.48567691E-01
7.72000000E+00 6.57347691E-01
7.73000000E+00 6.28230630E-01
7.74000000E+00 5.94212451E-01
7.75000000E+00 6.61835662E-01
7.76000000E+00 6.46684447E-01
7.77000000E+00 6.31457723E-01
7.78000000E+00 6.35909667E-01
7.79000000E+00 6.41999598E-01
7.80000000E+00 6.42253848E-01
7.81000000E+00 6.29103203E-01
7.82000000E+00 6.33736913E-01
7.83000000E+00 6.71134498E-01
7.84000000E+00 6.70624923E-01
7.85000000E+00 6.73590475E-01
7.86000000E+00 6.61536023E-01
7.87000000E+00 6.62515179E-01
7.88000000E+00 6.29623275E-01
7.89000000E+00 6.21206522E-01
7.90000000E+00 6.24378324E-01
7.91000000E+00 6.10669093E-01
7.92000000E+00 6.12077660E-01
7.93000000E+00 6.40309345E-01
7.94000000E+00 6.71979540E-01
7.95000000E+00 6.45069899E-01
7.96000000E+00 6.46720074E-01
7.97000000E+00 6.20779056E-01
7.98000000E+00 6.08919751E-01
7.99000000E+00 6.00049793E-01
8.00000000E+00 6.63446016E-01
8.01000000E+00 6.84809156E-01
8.02000000E+00 6.68526057E-01
8.03000000E+00 6.37981808E-01
8.04000000E+00 6.29980725E-01
8.05000000E+00 6.64911519E-01
8.06000000E+00 6.51137111E-01
8.07000000E+00 6.19402552E-01
8.08000000E+00 5.92323111E-01
8.09000000E+00 5.89203779E-01
8.10000000E+00 6.08778405E-01
8.11000000E+00 6.04153380E-01
8.12000000E+00 6.43394930E-01
8.13000000E+00 6.60249284E-01
8.14000000E+00 6.42953154E-01
8.15000000E+00 6.51346183E-01
8.16000000E+00 6.69796018E-01
8.17000000E+00 6.70109264E-01
8.18000000E+00 6.84988976E-01
8.19000000E+00 7.01600159E-01
8.20000000E+00 6.88256096E-01
8.21000000E+00 6.65750822E-01
8.22000000E+00 6.63087112E-01
8.23000000E+00 6.45728441E-01
8.24000000E+00 6.58312969E-01
8.25000000E+00 6.32138616E-01
8.26000000E+00 6.33577695E-01
8.27000000E+00 6.25361510E-01
8.28000000E+00 6.25632410E-01
8.29000000E+00 6.28801734E-01
8.30000000E+00 6.31789934E-01
8.31000000E+00 6.52788292E-01
8.32000000E+00 6.23377624E-01
8.33000000E+00 6.27836444E-01
8.34000000E+00 6.38693486E-01
8.35000000E+00 6.39122849E-01
8.36000000E+00 6.66120563E-01
8.37000000E+00 6.80807179E-01
8.38000000E+00 6.62951588E-01
8.39000000E+00 6.53999830E-01
8.40000000E+00 6.27142918E-01
8.41000000E+00 6.04376873E-01
8.42000000E+00 5.97441700E-01
8.43000000E+00 5.86087032E-01
8.44000000E+00 5.73712891E-01
8.45000000E+00 5.93252010E-01
8.46000000E+00 5.72377625E-01
8.47000000E+00 5.72124484E-01
8.48000000E+00 5.81796851E-01
8.49000000E+00 5.97401646E-01
8.50000000E+00 6.04143778E-01
8.51000000E+00 5.81727592E-01
8.52000000E+00 5.99679360E-01
8.53000000E+00 5.99712725E-01
8.54000000E+00 6.12103646E-01
8.55000000E+00 6.35279806E-01
8.56000000E+00 6.29024031E-01
8.57000000E+00 6.47077531E-01
8.58000000E+00 6.30090949E-01
8.59000000E+00 6.40743399E-01
8.60000000E+00 6.59371833E-01
8.61000000E+00 6.56447456E-01
8.62000000E+00 6.58662503E-01
8.63000000E+00 6.50014826E-01
8.64000000E+00 6.43138046E-01
8.65000000E+00 6.29335954E-01
8.66000000E+00 6.56489678E-01
8.67000000E+00 6.59391934E-01
8.68000000E+00 6.56214237E-01
8.69000000E+00 6.96185388E-01
8.70000000E+00 6.65626167E-01
8.71000000E+00 6.51926809E-01
8.72000000E+00 6.61924909E-01
8.73000000E+00 6.58840691E-01
8.74000000E+00 6.32712651E-01
8.75000000E+00 6.13843732E-01
8.76000000E+00 5.59651866E-01
8.77000000E+00 5.70351165E-01
8.78000000E+00 5.73971978E-01
8.79000000E+00 5.94548713E-01
8.80000000E+00 5.69332727E-01
8.81000000E+00 5.72800600E-01
8.82000000E+00 5.94939903E-01
8.83000000E+00 5.82565355E-01
8.84000000E+00 6.10703885E-01
8.85000000E+00 6.04506413E-01
8.86000000E+00 6.08159529E-01
8.87000000E+00 6.17998937E-01
8.88000000E+00 6.46486892E-01
8.89000000E+00 6.34293189E-01
8.90000000E+00 6.18194393E-01
8.91000000E+00 6.33909070E-01
8.92000000E+00 6.12271052E-01
8.93000000E+00 6.13449234E-01
8.94000000E+00 6.21171802E-01
8.95000000E+00 6.34645705E-01
8.96000000E+00 6.01936802E-01
8.97000000E+00 6.08029484E-01
8.98000000E+00 6.26824360E-01
8.99000000E+00 6.26092146E-01
9.00000000E+00 5.85365031E-01
9.01000000E+00 6.04627146E-01
9.02000000E+00 6.01803457E-01
9.03000000E+00 6.00477855E-01
9.04000000E+00 6.00069356E-01
9.05000000E+00 6.16704704E-01
9.06000000E+00 6.19696255E-01
9.07000000E+00 6.34743901E-01
9.08000000E+00 6.07624188E-01
9.09000000E+00 6.16423746E-01
9.10000000E+00 6.21288274E-01
9.11000000E+00 6.42962443E-01
9.12000000E+00 6.28261448E-01
9.13000000E+00 6.00808866E-01
9.14000000E+00 6.07182917E-01
9.15000000E+00 6.03407526E-01
9.16000000E+00 6.17351296E-01
9.17000000E+00 6.46995350E-01
9.18000000E+00 6.17457144E-01
9.19000000E+00 6.45564578E-01
9.20000000E+00 6.36311048E-01
9.21000000E+00 6.12566327E-01
9.22000000E+00 6.04294549E-01
9.23000000E+00 6.11059533E-01
9.24000000E+00 6.05099982E-01
9.25000000E+00 6.46958582E-01
9.26000000E+00 6.48952204E-01
9.27000000E+00 6.47737871E-01
9.28000000E+00 6.60678947E-01
9.29000000E+00 6.73432969E-01
9.30000000E+00 6.57493631E-01
9.31000000E+00 6.16489774E-01
9.32000000E+00 5.92302722E-01
9.33000000E+00 5.81564083E-01
9.34000000E+00 6.00118099E-01
9.35000000E+00 6.33733218E-01
9.36000000E+00 6.39386667E-01
9.37000000E+00 6.21995796E-01
9.38000000E+00 6.33610713E-01
9.39000000E+00 6.33509878E-01
9.40000000E+00 6.19292074E-01
9.41000000E+00 6.28759169E-01
9.42000000E+00 6.57639506E-01
9.43000000E+00 6.43358269E-01
9.44000000E+00 6.21892057E-01
9.45000000E+00 6.30142979E-01
9.46000000E+00 6.18859774E-01
9.47000000E+00 6.20681426E-01
9.48000000E+00 6.08263876E-01
9.49000000E+00 6.18698765E-01
9.50000000E+00 5.84607314E-01
9.51000000E+00 6.08340837E-01
9.52000000E+00 6.22763887E-01
9.53000000E+00 6.24769058E-01
9.54000000E+00 6.02742896E-01
9.55000000E+00 6.06861629E-01
9.56000000E+00 6.42457598E-01
9.57000000E+00 6.35407066E-01
9.58000000E+00 6.46965471E-01
9.59000000E+00 6.08451555E-01
9.60000000E+00 6.45382855E-01
9.61000000E+00 6.66311391E-01
9.62000000E+00 6.44292223E-01
9.63000000E+00 6.66395280E-01
9.64000000E+00 6.74312781E-01
9.65000000E+00 6.28164275E-01
9.66000000E+00 6.33677700E-01
9.67000000E+00 6.35116229E-01
9.68000000E+00 6.17355348E-01
9.69000000E+00 6.23132601E-01
9.70000000E+00 6.08142660E-01
9.71000000E+00 6.41662013E-01
9.72000000E+00 6.06591766E-01
9.73000000E+00 6.20090732E-01
9.74000000E+00 6.33579367E-01
9.75000000E+00 6.24869313E-01
9.76000000E+00 6.54939604E-01
9.77000000E+00 6.28436375E-01
9.78000000E+00 6.20290009E-01
9.79000000E+00 6.28576313E-01
9.80000000E+00 6.30602997E-01
9.81000000E+00 6.18765430E-01
9.82000000E+00 6.35632100E-01
9.83000000E+00 6.34950856E-01
9.84000000E+00 6.22092162E-01
9.85000000E+00 5.97090911E-01
9.86000000E+00 5.88243311E-01
9.87000000E+00 5.98690008E-01
9.88000000E+00 6.06908312E-01
9.89000000E+00 6.13383036E-01
9.90000000E+00 6.15728098E-01
9.91000000E+00 6.16018499E-01
9.92000000E+00 6.20947717E-01
9.93000000E+00 6.30427406E-01
9.94000000E+00 5.89316655E-01
9.95000000E+00 5.84082516E-01
9.96000000E+00 5.64770880E-01
9.97000000E+00 5.72636943E-01
9.98000000E+00 5.78091349E-01
9.99000000E+00 5.94228770E-01
1.00000000E+01 6.11945871E-01
