-5.00000000E+00 0.00000000E+00
-4.90000000E+00 0.00000000E+00
-4.80000000E+00 0.00000000E+00
-4.70000000E+00 0.00000000E+00
-4.60000000E+00 0.00000000E+00
-4.50000000E+00 0.00000000E+00
-4.40000000E+00 0.00000000E+00
-4.30000000E+00 0.00000000E+00
-4.20000000E+00 0.00000000E+00
-4.10000000E+00 0.00000000E+00
-4.00000000E+00 0.00000000E+00
-3.90000000E+00 0.00000000E+00
-3.80000000E+00 0.00000000E+00
-3.70000000E+00 0.00000000E+00
-3.60000000E+00 0.00000000E+00
-3.50000000E+00 0.00000000E+00
-3.40000000E+00 0.00000000E+00
-3.30000000E+00 0.00000000E+00
-3.20000000E+00 0.00000000E+00
-3.10000000E+00 0.00000000E+00
-3.00000000E+00 0.00000000E+00
-2.90000000E+00 0.00000000E+00
-2.80000000E+00 0.00000000E+00
-2.70000000E+00 0.00000000E+00
-2.60000000E+00 0.00000000E+00
-2.50000000E+00 0.00000000E+00
-2.40000000E+00 0.00000000E+00
-2.30000000E+00 0.00000000E+00
-2.20000000E+00 0.00000000E+00
-2.10000000E+00 0.00000000E+00
-2.00000000E+00 0.00000000E+00
-1.90000000E+00 0.00000000E+00
-1.80000000E+00 0.00000000E+00
-1.70000000E+00 0.00000000E+00
-1.60000000E+00 0.00000000E+00
-1.50000000E+00 0.00000000E+00
-1.40000000E+00 0.00000000E+00
-1.30000000E+00 0.00000000E+00
-1.20000000E+00 0.00000000E+00
-1.10000000E+00 0.00000000E+00
-1.00000000E+00 0.00000000E+00
-9.00000000E-01 0.00000000E+00
-8.00000000E-01 0.00000000E+00
-7.00000000E-01 0.00000000E+00
-6.00000000E-01 0.00000000E+00
-5.00000000E-01 0.00000000E+00
-4.00000000E-01 0.00000000E+00
-3.00000000E-01 0.00000000E+00
-2.00000000E-01 1.00000000E+00
-1.00000000E-01 0.00000000E+00
-1.77635684E-14 0.00000000E+00
1.00000000E-01 0.00000000E+00
2.00000000E-01 0.00000000E+00
3.00000000E-01 0.00000000E+00
4.00000000E-01 0.00000000E+00
5.00000000E-01 0.00000000E+00
6.00000000E-01 0.00000000E+00
7.00000000E-01 0.00000000E+00
8.00000000E-01 0.00000000E+00
9.00000000E-01 0.00000000E+00
1.00000000E+00 0.00000000E+00
1.10000000E+00 0.00000000E+00
1.20000000E+00 0.00000000E+00
1.30000000E+00 0.00000000E+00
1.40000000E+00 0.00000000E+00
1.50000000E+00 0.00000000E+00
1.60000000E+00 0.00000000E+00
1.70000000E+00 0.00000000E+00
1.80000000E+00 0.00000000E+00
1.90000000E+00 0.00000000E+00
2.00000000E+00 0.00000000E+00
2.10000000E+00 0.00000000E+00
2.20000000E+00 0.00000000E+00
2.30000000E+00 0.00000000E+00
2.40000000E+00 0.00000000E+00
2.50000000E+00 0.00000000E+00
2.60000000E+00 0.00000000E+00
2.70000000E+00 0.00000000E+00
2.80000000E+00 0.00000000E+00
2.90000000E+00 0.00000000E+00
3.00000000E+00 0.00000000E+00
3.10000000E+00 0.00000000E+00
3.20000000E+00 0.00000000E+00
3.30000000E+00 0.00000000E+00
3.40000000E+00 0.00000000E+00
3.50000000E+00 0.00000000E+00
3.60000000E+00 0.00000000E+00
3.70000000E+00 0.00000000E+00
3.80000000E+00 0.00000000E+00
3.90000000E+00 0.00000000E+00
4.00000000E+00 0.00000000E+00
4.10000000E+00 0.00000000E+00
4.20000000E+00 0.00000000E+00
4.30000000E+00 0.00000000E+00
4.40000000E+00 0.00000000E+00
4.50000000E+00 0.00000000E+00
4.60000000E+00 0.00000000E+00
4.70000000E+00 0.00000000E+00
4.80000000E+00 0.00000000E+00
