0.00000000E+00 1.00000000E+00
1.00000000E-02 9.95553769E-01
2.00000000E-02 9.91409502E-01
3.00000000E-02 9.87566602E-01
4.00000000E-02 9.84024474E-01
5.00000000E-02 9.80782521E-01
6.00000000E-02 9.77840145E-01
7.00000000E-02 9.75196750E-01
8.00000000E-02 9.72851739E-01
9.00000000E-02 9.70804516E-01
1.00000000E-01 9.69054484E-01
1.10000000E-01 9.67571415E-01
1.20000000E-01 9.66088363E-01
1.30000000E-01 9.64605328E-01
1.40000000E-01 9.63122313E-01
1.50000000E-01 9.61639319E-01
1.60000000E-01 9.60156347E-01
1.70000000E-01 9.58673399E-01
1.80000000E-01 9.57190477E-01
1.90000000E-01 9.55707582E-01
2.00000000E-01 9.54224715E-01
2.10000000E-01 9.52741878E-01
2.20000000E-01 9.51259073E-01
2.30000000E-01 9.49776300E-01
2.40000000E-01 9.48293562E-01
2.50000000E-01 9.46810860E-01
2.60000000E-01 9.45328196E-01
2.70000000E-01 9.43845570E-01
2.80000000E-01 9.42362985E-01
2.90000000E-01 9.40880441E-01
3.00000000E-01 9.39397941E-01
3.10000000E-01 9.37915487E-01
3.20000000E-01 9.36433078E-01
3.30000000E-01 9.34950717E-01
3.40000000E-01 9.33468406E-01
3.50000000E-01 9.31986146E-01
3.60000000E-01 9.30503938E-01
3.70000000E-01 9.29021784E-01
3.80000000E-01 9.27539686E-01
3.90000000E-01 9.26057644E-01
4.00000000E-01 9.24575661E-01
4.10000000E-01 9.23093738E-01
4.20000000E-01 9.21611876E-01
4.30000000E-01 9.20130077E-01
4.40000000E-01 9.18648343E-01
4.50000000E-01 9.17166674E-01
4.60000000E-01 9.15685073E-01
4.70000000E-01 9.14203541E-01
4.80000000E-01 9.12722079E-01
4.90000000E-01 9.11240689E-01
5.00000000E-01 9.09759372E-01
5.10000000E-01 9.08278130E-01
5.20000000E-01 9.06796965E-01
5.30000000E-01 9.05315877E-01
5.40000000E-01 9.03834869E-01
5.50000000E-01 9.02353942E-01
5.60000000E-01 9.00873097E-01
5.70000000E-01 8.99392336E-01
5.80000000E-01 8.97911661E-01
5.90000000E-01 8.96431072E-01
6.00000000E-01 8.94950572E-01
6.10000000E-01 8.93470161E-01
6.20000000E-01 8.91989842E-01
6.30000000E-01 8.90509616E-01
6.40000000E-01 8.89029484E-01
6.50000000E-01 8.87549448E-01
6.60000000E-01 8.86069509E-01
6.70000000E-01 8.84589669E-01
6.80000000E-01 8.83109930E-01
6.90000000E-01 8.81630292E-01
7.00000000E-01 8.80150758E-01
7.10000000E-01 8.78671329E-01
7.20000000E-01 8.77192006E-01
7.30000000E-01 8.75712790E-01
7.40000000E-01 8.74233684E-01
7.50000000E-01 8.72754689E-01
7.60000000E-01 8.71275807E-01
7.70000000E-01 8.69797038E-01
7.80000000E-01 8.68318384E-01
7.90000000E-01 8.66839847E-01
8.00000000E-01 8.65361429E-01
8.10000000E-01 8.63883130E-01
8.20000000E-01 8.62404953E-01
8.30000000E-01 8.60926898E-01
8.40000000E-01 8.59448968E-01
8.50000000E-01 8.57971164E-01
8.60000000E-01 8.56493487E-01
8.70000000E-01 8.55015939E-01
8.80000000E-01 8.53538521E-01
8.90000000E-01 8.52061235E-01
9.00000000E-01 8.50584082E-01
9.10000000E-01 8.49107064E-01
9.20000000E-01 8.47630182E-01
9.30000000E-01 8.46153438E-01
9.40000000E-01 8.44676834E-01
9.50000000E-01 8.43200370E-01
9.60000000E-01 8.41724048E-01
9.70000000E-01 8.40247870E-01
9.80000000E-01 8.38771838E-01
9.90000000E-01 8.37295952E-01
1.00000000E+00 8.35820215E-01
1.01000000E+00 8.34344627E-01
1.02000000E+00 8.32869191E-01
1.03000000E+00 8.31393907E-01
1.04000000E+00 8.29918778E-01
1.05000000E+00 8.28443804E-01
1.06000000E+00 8.26968988E-01
1.07000000E+00 8.25494330E-01
1.08000000E+00 8.24019833E-01
1.09000000E+00 8.22545498E-01
1.10000000E+00 8.21071325E-01
1.11000000E+00 8.19597318E-01
1.12000000E+00 8.18123477E-01
1.13000000E+00 8.16649803E-01
1.14000000E+00 8.15176299E-01
1.15000000E+00 8.13702965E-01
1.16000000E+00 8.12229804E-01
1.17000000E+00 8.10756817E-01
1.18000000E+00 8.09284004E-01
1.19000000E+00 8.07811369E-01
1.20000000E+00 8.06338912E-01
1.21000000E+00 8.04866634E-01
1.22000000E+00 8.03394538E-01
1.23000000E+00 8.01922624E-01
1.24000000E+00 8.00450895E-01
1.25000000E+00 7.98979351E-01
1.26000000E+00 7.97507995E-01
1.27000000E+00 7.96036827E-01
1.28000000E+00 7.94565849E-01
1.29000000E+00 7.93095064E-01
1.30000000E+00 7.91624471E-01
1.31000000E+00 7.90154073E-01
1.32000000E+00 7.88683872E-01
1.33000000E+00 7.87213868E-01
1.34000000E+00 7.85744063E-01
1.35000000E+00 7.84274459E-01
1.36000000E+00 7.82805057E-01
1.37000000E+00 7.81335859E-01
1.38000000E+00 7.79866866E-01
1.39000000E+00 7.78398080E-01
1.40000000E+00 7.76929502E-01
1.41000000E+00 7.75461133E-01
1.42000000E+00 7.73992976E-01
1.43000000E+00 7.72525032E-01
1.44000000E+00 7.71057301E-01
1.45000000E+00 7.69589787E-01
1.46000000E+00 7.68122489E-01
1.47000000E+00 7.66655410E-01
1.48000000E+00 7.65188552E-01
1.49000000E+00 7.63721915E-01
1.50000000E+00 7.62255501E-01
1.51000000E+00 7.60789312E-01
1.52000000E+00 7.59323349E-01
1.53000000E+00 7.57857614E-01
1.54000000E+00 7.56392108E-01
1.55000000E+00 7.54926832E-01
1.56000000E+00 7.53461789E-01
1.57000000E+00 7.51996979E-01
1.58000000E+00 7.50532405E-01
1.59000000E+00 7.49068067E-01
1.60000000E+00 7.47603967E-01
1.61000000E+00 7.46140107E-01
1.62000000E+00 7.44676488E-01
1.63000000E+00 7.43213112E-01
1.64000000E+00 7.41749980E-01
1.65000000E+00 7.40287093E-01
1.66000000E+00 7.38824454E-01
1.67000000E+00 7.37362063E-01
1.68000000E+00 7.35899922E-01
1.69000000E+00 7.34438033E-01
1.70000000E+00 7.32976397E-01
1.71000000E+00 7.31515016E-01
1.72000000E+00 7.30053891E-01
1.73000000E+00 7.28593024E-01
1.74000000E+00 7.27132415E-01
1.75000000E+00 7.25672067E-01
1.76000000E+00 7.24211982E-01
1.77000000E+00 7.22752160E-01
1.78000000E+00 7.21292603E-01
1.79000000E+00 7.19833312E-01
1.80000000E+00 7.18374290E-01
1.81000000E+00 7.16915537E-01
1.82000000E+00 7.15457056E-01
1.83000000E+00 7.13998847E-01
1.84000000E+00 7.12540912E-01
1.85000000E+00 7.11083253E-01
1.86000000E+00 7.09625870E-01
1.87000000E+00 7.08168767E-01
1.88000000E+00 7.06711943E-01
1.89000000E+00 7.05255401E-01
1.90000000E+00 7.03799143E-01
1.91000000E+00 7.02343168E-01
1.92000000E+00 7.00887480E-01
1.93000000E+00 6.99432079E-01
1.94000000E+00 6.97976968E-01
1.95000000E+00 6.96522147E-01
1.96000000E+00 6.95067618E-01
1.97000000E+00 6.93613383E-01
1.98000000E+00 6.92159442E-01
1.99000000E+00 6.90705798E-01
2.00000000E+00 6.89252453E-01
2.01000000E+00 6.87799407E-01
2.02000000E+00 6.86346662E-01
2.03000000E+00 6.84894219E-01
2.04000000E+00 6.83442081E-01
2.05000000E+00 6.81990248E-01
2.06000000E+00 6.80538722E-01
2.07000000E+00 6.79087504E-01
2.08000000E+00 6.77636597E-01
2.09000000E+00 6.76186001E-01
2.10000000E+00 6.74735718E-01
2.11000000E+00 6.73285750E-01
2.12000000E+00 6.71836098E-01
2.13000000E+00 6.70386763E-01
2.14000000E+00 6.68937748E-01
2.15000000E+00 6.67489053E-01
2.16000000E+00 6.66040680E-01
2.17000000E+00 6.64592630E-01
2.18000000E+00 6.63144905E-01
2.19000000E+00 6.61697507E-01
2.20000000E+00 6.60250437E-01
2.21000000E+00 6.58803697E-01
2.22000000E+00 6.57357287E-01
2.23000000E+00 6.55911210E-01
2.24000000E+00 6.54465467E-01
2.25000000E+00 6.53020060E-01
2.26000000E+00 6.51574989E-01
2.27000000E+00 6.50130257E-01
2.28000000E+00 6.48685865E-01
2.29000000E+00 6.47241815E-01
2.30000000E+00 6.45798107E-01
2.31000000E+00 6.44354744E-01
2.32000000E+00 6.42911727E-01
2.33000000E+00 6.41469058E-01
2.34000000E+00 6.40026737E-01
2.35000000E+00 6.38584767E-01
2.36000000E+00 6.37143149E-01
2.37000000E+00 6.35701884E-01
2.38000000E+00 6.34260975E-01
2.39000000E+00 6.32820421E-01
2.40000000E+00 6.31380226E-01
2.41000000E+00 6.29940390E-01
2.42000000E+00 6.28500916E-01
2.43000000E+00 6.27061803E-01
2.44000000E+00 6.25623055E-01
2.45000000E+00 6.24184672E-01
2.46000000E+00 6.22746656E-01
2.47000000E+00 6.21309009E-01
2.48000000E+00 6.19871731E-01
2.49000000E+00 6.18434825E-01
2.50000000E+00 6.16998292E-01
2.51000000E+00 6.15562133E-01
2.52000000E+00 6.14126350E-01
2.53000000E+00 6.12690945E-01
2.54000000E+00 6.11255918E-01
2.55000000E+00 6.09821272E-01
2.56000000E+00 6.08387008E-01
2.57000000E+00 6.06953128E-01
2.58000000E+00 6.05519632E-01
2.59000000E+00 6.04086523E-01
2.60000000E+00 6.02653801E-01
2.61000000E+00 6.01221469E-01
2.62000000E+00 5.99789528E-01
2.63000000E+00 5.98357980E-01
2.64000000E+00 5.96926825E-01
2.65000000E+00 5.95496066E-01
2.66000000E+00 5.94065704E-01
2.67000000E+00 5.92635740E-01
2.68000000E+00 5.91206176E-01
2.69000000E+00 5.89777013E-01
2.70000000E+00 5.88348253E-01
2.71000000E+00 5.86919898E-01
2.72000000E+00 5.85491949E-01
2.73000000E+00 5.84064406E-01
2.74000000E+00 5.82637273E-01
2.75000000E+00 5.81210551E-01
2.76000000E+00 5.79784240E-01
2.77000000E+00 5.78358342E-01
2.78000000E+00 5.76932860E-01
2.79000000E+00 5.75507793E-01
2.80000000E+00 5.74083145E-01
2.81000000E+00 5.72658916E-01
2.82000000E+00 5.71235108E-01
2.83000000E+00 5.69811722E-01
2.84000000E+00 5.68388760E-01
2.85000000E+00 5.66966224E-01
2.86000000E+00 5.65544114E-01
2.87000000E+00 5.64122433E-01
2.88000000E+00 5.62701182E-01
2.89000000E+00 5.61280362E-01
2.90000000E+00 5.59859975E-01
2.91000000E+00 5.58440022E-01
2.92000000E+00 5.57020505E-01
2.93000000E+00 5.55601425E-01
2.94000000E+00 5.54182784E-01
2.95000000E+00 5.52764584E-01
2.96000000E+00 5.51346825E-01
2.97000000E+00 5.49929510E-01
2.98000000E+00 5.48512640E-01
2.99000000E+00 5.47096216E-01
3.00000000E+00 5.45680239E-01
3.01000000E+00 5.44264713E-01
3.02000000E+00 5.42849637E-01
3.03000000E+00 5.41435013E-01
3.04000000E+00 5.40020843E-01
3.05000000E+00 5.38607128E-01
3.06000000E+00 5.37193871E-01
3.07000000E+00 5.35781071E-01
3.08000000E+00 5.34368731E-01
3.09000000E+00 5.32956853E-01
3.10000000E+00 5.31545438E-01
3.11000000E+00 5.30134486E-01
3.12000000E+00 5.28724001E-01
3.13000000E+00 5.27313983E-01
3.14000000E+00 5.25904434E-01
3.15000000E+00 5.24495355E-01
3.16000000E+00 5.23086748E-01
3.17000000E+00 5.21678614E-01
3.18000000E+00 5.20270955E-01
3.19000000E+00 5.18863772E-01
3.20000000E+00 5.17457067E-01
3.21000000E+00 5.16050841E-01
3.22000000E+00 5.14645096E-01
3.23000000E+00 5.13239834E-01
3.24000000E+00 5.11835055E-01
3.25000000E+00 5.10430761E-01
3.26000000E+00 5.09026954E-01
3.27000000E+00 5.07623636E-01
3.28000000E+00 5.06220807E-01
3.29000000E+00 5.04818469E-01
3.30000000E+00 5.03416625E-01
3.31000000E+00 5.02015274E-01
3.32000000E+00 5.00614420E-01
3.33000000E+00 4.99214062E-01
3.34000000E+00 4.97814203E-01
3.35000000E+00 4.96414845E-01
3.36000000E+00 4.95015988E-01
3.37000000E+00 4.93617635E-01
3.38000000E+00 4.92219786E-01
3.39000000E+00 4.90822444E-01
3.40000000E+00 4.89425609E-01
3.41000000E+00 4.88029284E-01
3.42000000E+00 4.86633469E-01
3.43000000E+00 4.85238167E-01
3.44000000E+00 4.83843378E-01
3.45000000E+00 4.82449105E-01
3.46000000E+00 4.81055348E-01
3.47000000E+00 4.79662109E-01
3.48000000E+00 4.78269390E-01
3.49000000E+00 4.76877193E-01
3.50000000E+00 4.75485518E-01
3.51000000E+00 4.74094367E-01
3.52000000E+00 4.72703743E-01
3.53000000E+00 4.71313645E-01
3.54000000E+00 4.69924076E-01
3.55000000E+00 4.68535037E-01
3.56000000E+00 4.67146530E-01
3.57000000E+00 4.65758556E-01
3.58000000E+00 4.64371117E-01
3.59000000E+00 4.62984214E-01
3.60000000E+00 4.61597849E-01
3.61000000E+00 4.60212023E-01
3.62000000E+00 4.58826738E-01
3.63000000E+00 4.57441995E-01
3.64000000E+00 4.56057795E-01
3.65000000E+00 4.54674141E-01
3.66000000E+00 4.53291033E-01
3.67000000E+00 4.51908474E-01
3.68000000E+00 4.50526464E-01
3.69000000E+00 4.49145006E-01
3.70000000E+00 4.47764100E-01
3.71000000E+00 4.46383748E-01
3.72000000E+00 4.45003952E-01
3.73000000E+00 4.43624713E-01
3.74000000E+00 4.42246033E-01
3.75000000E+00 4.40867913E-01
3.76000000E+00 4.39490355E-01
3.77000000E+00 4.38113360E-01
3.78000000E+00 4.36736929E-01
3.79000000E+00 4.35361065E-01
3.80000000E+00 4.33985768E-01
3.81000000E+00 4.32611041E-01
3.82000000E+00 4.31236884E-01
3.83000000E+00 4.29863299E-01
3.84000000E+00 4.28490288E-01
3.85000000E+00 4.27117852E-01
3.86000000E+00 4.25745993E-01
3.87000000E+00 4.24374712E-01
3.88000000E+00 4.23004010E-01
3.89000000E+00 4.21633890E-01
3.90000000E+00 4.20264352E-01
3.91000000E+00 4.18895399E-01
3.92000000E+00 4.17527031E-01
3.93000000E+00 4.16159250E-01
3.94000000E+00 4.14792058E-01
3.95000000E+00 4.13425455E-01
3.96000000E+00 4.12059445E-01
3.97000000E+00 4.10694028E-01
3.98000000E+00 4.09329205E-01
3.99000000E+00 4.07964978E-01
4.00000000E+00 4.06601349E-01
4.01000000E+00 4.05238319E-01
4.02000000E+00 4.03875890E-01
4.03000000E+00 4.02514063E-01
4.04000000E+00 4.01152839E-01
4.05000000E+00 3.99792221E-01
4.06000000E+00 3.98432209E-01
4.07000000E+00 3.97072805E-01
4.08000000E+00 3.95714011E-01
4.09000000E+00 3.94355828E-01
4.10000000E+00 3.92998257E-01
4.11000000E+00 3.91641301E-01
4.12000000E+00 3.90284960E-01
4.13000000E+00 3.88929236E-01
4.14000000E+00 3.87574131E-01
4.15000000E+00 3.86219646E-01
4.16000000E+00 3.84865782E-01
4.17000000E+00 3.83512542E-01
4.18000000E+00 3.82159926E-01
4.19000000E+00 3.80807936E-01
4.20000000E+00 3.79456574E-01
4.21000000E+00 3.78105841E-01
4.22000000E+00 3.76755738E-01
4.23000000E+00 3.75406268E-01
4.24000000E+00 3.74057431E-01
4.25000000E+00 3.72709229E-01
4.26000000E+00 3.71361663E-01
4.27000000E+00 3.70014736E-01
4.28000000E+00 3.68668448E-01
4.29000000E+00 3.67322802E-01
4.30000000E+00 3.65977797E-01
4.31000000E+00 3.64633437E-01
4.32000000E+00 3.63289723E-01
4.33000000E+00 3.61946655E-01
4.34000000E+00 3.60604236E-01
4.35000000E+00 3.59262467E-01
4.36000000E+00 3.57921350E-01
4.37000000E+00 3.56580885E-01
4.38000000E+00 3.55241075E-01
4.39000000E+00 3.53901921E-01
4.40000000E+00 3.52563425E-01
4.41000000E+00 3.51225588E-01
4.42000000E+00 3.49888411E-01
4.43000000E+00 3.48551896E-01
4.44000000E+00 3.47216045E-01
4.45000000E+00 3.45880859E-01
4.46000000E+00 3.44546339E-01
4.47000000E+00 3.43212487E-01
4.48000000E+00 3.41879305E-01
4.49000000E+00 3.40546794E-01
4.50000000E+00 3.39214955E-01
4.51000000E+00 3.37883790E-01
4.52000000E+00 3.36553301E-01
4.53000000E+00 3.35223488E-01
4.54000000E+00 3.33894355E-01
4.55000000E+00 3.32565901E-01
4.56000000E+00 3.31238129E-01
4.57000000E+00 3.29911039E-01
4.58000000E+00 3.28584635E-01
4.59000000E+00 3.27258916E-01
4.60000000E+00 3.25933884E-01
4.61000000E+00 3.24609542E-01
4.62000000E+00 3.23285890E-01
4.63000000E+00 3.21962930E-01
4.64000000E+00 3.20640664E-01
4.65000000E+00 3.19319092E-01
4.66000000E+00 3.17998217E-01
4.67000000E+00 3.16678040E-01
4.68000000E+00 3.15358562E-01
4.69000000E+00 3.14039786E-01
4.70000000E+00 3.12721711E-01
4.71000000E+00 3.11404341E-01
4.72000000E+00 3.10087676E-01
4.73000000E+00 3.08771719E-01
4.74000000E+00 3.07456469E-01
4.75000000E+00 3.06141930E-01
4.76000000E+00 3.04828102E-01
4.77000000E+00 3.03514987E-01
4.78000000E+00 3.02202586E-01
4.79000000E+00 3.00890901E-01
4.80000000E+00 2.99579934E-01
4.81000000E+00 2.98269686E-01
4.82000000E+00 2.96960158E-01
4.83000000E+00 2.95651352E-01
4.84000000E+00 2.94343269E-01
4.85000000E+00 2.93035912E-01
4.86000000E+00 2.91729280E-01
4.87000000E+00 2.90423377E-01
4.88000000E+00 2.89118203E-01
4.89000000E+00 2.87813760E-01
4.90000000E+00 2.86510050E-01
4.91000000E+00 2.85207073E-01
4.92000000E+00 2.83904832E-01
4.93000000E+00 2.82603328E-01
4.94000000E+00 2.81302562E-01
4.95000000E+00 2.80002536E-01
4.96000000E+00 2.78703251E-01
4.97000000E+00 2.77404709E-01
4.98000000E+00 2.76106912E-01
4.99000000E+00 2.74809860E-01
5.00000000E+00 2.73513556E-01
5.01000000E+00 2.72218001E-01
5.02000000E+00 2.70923196E-01
5.03000000E+00 2.69629144E-01
5.04000000E+00 2.68335844E-01
5.05000000E+00 2.67043299E-01
5.06000000E+00 2.65751511E-01
5.07000000E+00 2.64460481E-01
5.08000000E+00 2.63170210E-01
5.09000000E+00 2.61880700E-01
5.10000000E+00 2.60591952E-01
5.11000000E+00 2.59303968E-01
5.12000000E+00 2.58016749E-01
5.13000000E+00 2.56730298E-01
5.14000000E+00 2.55444614E-01
5.15000000E+00 2.54159701E-01
5.16000000E+00 2.52875559E-01
5.17000000E+00 2.51592189E-01
5.18000000E+00 2.50309594E-01
5.19000000E+00 2.49027775E-01
5.20000000E+00 2.47746734E-01
5.21000000E+00 2.46466471E-01
5.22000000E+00 2.45186988E-01
5.23000000E+00 2.43908288E-01
5.24000000E+00 2.42630370E-01
5.25000000E+00 2.41353238E-01
5.26000000E+00 2.40076891E-01
5.27000000E+00 2.38801333E-01
5.28000000E+00 2.37526564E-01
5.29000000E+00 2.36252586E-01
5.30000000E+00 2.34979400E-01
5.31000000E+00 2.33707008E-01
5.32000000E+00 2.32435411E-01
5.33000000E+00 2.31164611E-01
5.34000000E+00 2.29894609E-01
5.35000000E+00 2.28625408E-01
5.36000000E+00 2.27357007E-01
5.37000000E+00 2.26089409E-01
5.38000000E+00 2.24822616E-01
5.39000000E+00 2.23556628E-01
5.40000000E+00 2.22291448E-01
5.41000000E+00 2.21027077E-01
5.42000000E+00 2.19763515E-01
5.43000000E+00 2.18500766E-01
5.44000000E+00 2.17238830E-01
5.45000000E+00 2.15977708E-01
5.46000000E+00 2.14717403E-01
5.47000000E+00 2.13457916E-01
5.48000000E+00 2.12199248E-01
5.49000000E+00 2.10941401E-01
5.50000000E+00 2.09684376E-01
5.51000000E+00 2.08428175E-01
5.52000000E+00 2.07172799E-01
5.53000000E+00 2.05918250E-01
5.54000000E+00 2.04664529E-01
5.55000000E+00 2.03411638E-01
5.56000000E+00 2.02159578E-01
5.57000000E+00 2.00908351E-01
5.58000000E+00 1.99657958E-01
5.59000000E+00 1.98408401E-01
5.60000000E+00 1.97159682E-01
5.61000000E+00 1.95911801E-01
5.62000000E+00 1.94664760E-01
5.63000000E+00 1.93418561E-01
5.64000000E+00 1.92173205E-01
5.65000000E+00 1.90928694E-01
5.66000000E+00 1.89685029E-01
5.67000000E+00 1.88442212E-01
5.68000000E+00 1.87200244E-01
5.69000000E+00 1.85959127E-01
5.70000000E+00 1.84718863E-01
5.71000000E+00 1.83479451E-01
5.72000000E+00 1.82240896E-01
5.73000000E+00 1.81003196E-01
5.74000000E+00 1.79766356E-01
5.75000000E+00 1.78530374E-01
5.76000000E+00 1.77295254E-01
5.77000000E+00 1.76060997E-01
5.78000000E+00 1.74827604E-01
5.79000000E+00 1.73595077E-01
5.80000000E+00 1.72363417E-01
5.81000000E+00 1.71132625E-01
5.82000000E+00 1.69902704E-01
5.83000000E+00 1.68673655E-01
5.84000000E+00 1.67445478E-01
5.85000000E+00 1.66218177E-01
5.86000000E+00 1.64991751E-01
5.87000000E+00 1.63766204E-01
5.88000000E+00 1.62541535E-01
5.89000000E+00 1.61317747E-01
5.90000000E+00 1.60094842E-01
5.91000000E+00 1.58872820E-01
5.92000000E+00 1.57651683E-01
5.93000000E+00 1.56431433E-01
5.94000000E+00 1.55212071E-01
5.95000000E+00 1.53993599E-01
5.96000000E+00 1.52776018E-01
5.97000000E+00 1.51559329E-01
5.98000000E+00 1.50343535E-01
5.99000000E+00 1.49128637E-01
6.00000000E+00 1.47914635E-01
6.01000000E+00 1.46701533E-01
6.02000000E+00 1.45489330E-01
6.03000000E+00 1.44278029E-01
6.04000000E+00 1.43067632E-01
6.05000000E+00 1.41858139E-01
6.06000000E+00 1.40649552E-01
6.07000000E+00 1.39441872E-01
6.08000000E+00 1.38235102E-01
6.09000000E+00 1.37029243E-01
6.10000000E+00 1.35824296E-01
6.11000000E+00 1.34620262E-01
6.12000000E+00 1.33417143E-01
6.13000000E+00 1.32214941E-01
6.14000000E+00 1.31013658E-01
6.15000000E+00 1.29813294E-01
6.16000000E+00 1.28613851E-01
6.17000000E+00 1.27415330E-01
6.18000000E+00 1.26217734E-01
6.19000000E+00 1.25021063E-01
6.20000000E+00 1.23825320E-01
6.21000000E+00 1.22630505E-01
6.22000000E+00 1.21436620E-01
6.23000000E+00 1.20243667E-01
6.24000000E+00 1.19051647E-01
6.25000000E+00 1.17860562E-01
6.26000000E+00 1.16670412E-01
6.27000000E+00 1.15481201E-01
6.28000000E+00 1.14292928E-01
6.29000000E+00 1.13105596E-01
6.30000000E+00 1.11919206E-01
6.31000000E+00 1.10733760E-01
6.32000000E+00 1.09549259E-01
6.33000000E+00 1.08365704E-01
6.34000000E+00 1.07183098E-01
6.35000000E+00 1.06001441E-01
6.36000000E+00 1.04820735E-01
6.37000000E+00 1.03640982E-01
6.38000000E+00 1.02462183E-01
6.39000000E+00 1.01284339E-01
6.40000000E+00 1.00107452E-01
6.41000000E+00 9.89315245E-02
6.42000000E+00 9.77565567E-02
6.43000000E+00 9.65825504E-02
6.44000000E+00 9.54095072E-02
6.45000000E+00 9.42374285E-02
6.46000000E+00 9.30663160E-02
6.47000000E+00 9.18961709E-02
6.48000000E+00 9.07269950E-02
6.49000000E+00 8.95587896E-02
6.50000000E+00 8.83915562E-02
6.51000000E+00 8.72252964E-02
6.52000000E+00 8.60600117E-02
6.53000000E+00 8.48957035E-02
6.54000000E+00 8.37323733E-02
6.55000000E+00 8.25700227E-02
6.56000000E+00 8.14086532E-02
6.57000000E+00 8.02482661E-02
6.58000000E+00 7.90888632E-02
6.59000000E+00 7.79304457E-02
6.60000000E+00 7.67730153E-02
6.61000000E+00 7.56165734E-02
6.62000000E+00 7.44611215E-02
6.63000000E+00 7.33066612E-02
6.64000000E+00 7.21531939E-02
6.65000000E+00 7.10007211E-02
6.66000000E+00 6.98492444E-02
6.67000000E+00 6.86987651E-02
6.68000000E+00 6.75492849E-02
6.69000000E+00 6.64008052E-02
6.70000000E+00 6.52533275E-02
6.71000000E+00 6.41068533E-02
6.72000000E+00 6.29613841E-02
6.73000000E+00 6.18169214E-02
6.74000000E+00 6.06734667E-02
6.75000000E+00 5.95310215E-02
6.76000000E+00 5.83895873E-02
6.77000000E+00 5.72491657E-02
6.78000000E+00 5.61097580E-02
6.79000000E+00 5.49713658E-02
6.80000000E+00 5.38339905E-02
6.81000000E+00 5.26976338E-02
6.82000000E+00 5.15622971E-02
6.83000000E+00 5.04279818E-02
6.84000000E+00 4.92946895E-02
6.85000000E+00 4.81624217E-02
6.86000000E+00 4.70311799E-02
6.87000000E+00 4.59009655E-02
6.88000000E+00 4.47717801E-02
6.89000000E+00 4.36436252E-02
6.90000000E+00 4.25165023E-02
6.91000000E+00 4.13904128E-02
6.92000000E+00 4.02653582E-02
6.93000000E+00 3.91413402E-02
6.94000000E+00 3.80183601E-02
6.95000000E+00 3.68964194E-02
6.96000000E+00 3.57755197E-02
6.97000000E+00 3.46556625E-02
6.98000000E+00 3.35368492E-02
6.99000000E+00 3.24190813E-02
7.00000000E+00 3.13023604E-02
7.01000000E+00 3.01866879E-02
7.02000000E+00 2.90720654E-02
7.03000000E+00 2.79584943E-02
7.04000000E+00 2.68459762E-02
7.05000000E+00 2.57345124E-02
7.06000000E+00 2.46241047E-02
7.07000000E+00 2.35147543E-02
7.08000000E+00 2.24064629E-02
7.09000000E+00 2.12992318E-02
7.10000000E+00 2.01930628E-02
7.11000000E+00 1.90879571E-02
7.12000000E+00 1.79839163E-02
7.13000000E+00 1.68809420E-02
7.14000000E+00 1.57790356E-02
7.15000000E+00 1.46781986E-02
7.16000000E+00 1.35784325E-02
7.17000000E+00 1.24797388E-02
7.18000000E+00 1.13821190E-02
7.19000000E+00 1.02855746E-02
7.20000000E+00 9.19010709E-03
7.21000000E+00 8.09571800E-03
7.22000000E+00 7.00240880E-03
7.23000000E+00 5.91018099E-03
7.24000000E+00 4.81903608E-03
7.25000000E+00 3.72897555E-03
7.26000000E+00 2.64000091E-03
7.27000000E+00 1.55211366E-03
7.28000000E+00 4.65315286E-04
7.29000000E+00 -6.20392707E-04
7.30000000E+00 -1.70500882E-03
7.31000000E+00 -2.78853156E-03
7.32000000E+00 -3.87095943E-03
7.33000000E+00 -4.95229093E-03
7.34000000E+00 -6.03252456E-03
7.35000000E+00 -7.11165882E-03
7.36000000E+00 -8.18969222E-03
7.37000000E+00 -9.26662325E-03
7.38000000E+00 -1.03424504E-02
7.39000000E+00 -1.14171722E-02
7.40000000E+00 -1.24907872E-02
7.41000000E+00 -1.35632938E-02
7.42000000E+00 -1.46346906E-02
7.43000000E+00 -1.57049760E-02
7.44000000E+00 -1.67741486E-02
7.45000000E+00 -1.78422068E-02
7.46000000E+00 -1.89091492E-02
7.47000000E+00 -1.99749742E-02
7.48000000E+00 -2.10396804E-02
7.49000000E+00 -2.21032663E-02
7.50000000E+00 -2.31657303E-02
7.51000000E+00 -2.42270710E-02
7.52000000E+00 -2.52872869E-02
7.53000000E+00 -2.63463764E-02
7.54000000E+00 -2.74043381E-02
7.55000000E+00 -2.84611705E-02
7.56000000E+00 -2.95168721E-02
7.57000000E+00 -3.05714414E-02
7.58000000E+00 -3.16248768E-02
7.59000000E+00 -3.26771770E-02
7.60000000E+00 -3.37283403E-02
7.61000000E+00 -3.47783653E-02
7.62000000E+00 -3.58272505E-02
7.63000000E+00 -3.68749944E-02
7.64000000E+00 -3.79215955E-02
7.65000000E+00 -3.89670523E-02
7.66000000E+00 -4.00113634E-02
7.67000000E+00 -4.10545271E-02
7.68000000E+00 -4.20965420E-02
7.69000000E+00 -4.31374066E-02
7.70000000E+00 -4.41771195E-02
7.71000000E+00 -4.52156790E-02
7.72000000E+00 -4.62530838E-02
7.73000000E+00 -4.72893323E-02
7.74000000E+00 -4.83244230E-02
7.75000000E+00 -4.93583544E-02
7.76000000E+00 -5.03911251E-02
7.77000000E+00 -5.14227335E-02
7.78000000E+00 -5.24531781E-02
7.79000000E+00 -5.34824574E-02
7.80000000E+00 -5.45105700E-02
7.81000000E+00 -5.55375143E-02
7.82000000E+00 -5.65632889E-02
7.83000000E+00 -5.75878921E-02
7.84000000E+00 -5.86113227E-02
7.85000000E+00 -5.96335790E-02
7.86000000E+00 -6.06546595E-02
7.87000000E+00 -6.16745628E-02
7.88000000E+00 -6.26932873E-02
7.89000000E+00 -6.37108316E-02
7.90000000E+00 -6.47271941E-02
7.91000000E+00 -6.57423734E-02
7.92000000E+00 -6.67563680E-02
7.93000000E+00 -6.77691763E-02
7.94000000E+00 -6.87807969E-02
7.95000000E+00 -6.97912282E-02
7.96000000E+00 -7.08004689E-02
7.97000000E+00 -7.18085172E-02
7.98000000E+00 -7.28153719E-02
7.99000000E+00 -7.38210314E-02
8.00000000E+00 -7.48254941E-02
8.01000000E+00 -7.58287586E-02
8.02000000E+00 -7.68308234E-02
8.03000000E+00 -7.78316869E-02
8.04000000E+00 -7.88313478E-02
8.05000000E+00 -7.98298044E-02
8.06000000E+00 -8.08270554E-02
8.07000000E+00 -8.18230991E-02
8.08000000E+00 -8.28179341E-02
8.09000000E+00 -8.38115590E-02
8.10000000E+00 -8.48039721E-02
8.11000000E+00 -8.57951720E-02
8.12000000E+00 -8.67851573E-02
8.13000000E+00 -8.77739263E-02
8.14000000E+00 -8.87614776E-02
8.15000000E+00 -8.97478098E-02
8.16000000E+00 -9.07329213E-02
8.17000000E+00 -9.17168106E-02
8.18000000E+00 -9.26994762E-02
8.19000000E+00 -9.36809166E-02
8.20000000E+00 -9.46611304E-02
8.21000000E+00 -9.56401160E-02
8.22000000E+00 -9.66178719E-02
8.23000000E+00 -9.75943966E-02
8.24000000E+00 -9.85696887E-02
8.25000000E+00 -9.95437466E-02
8.26000000E+00 -1.00516569E-01
8.27000000E+00 -1.01488154E-01
8.28000000E+00 -1.02458500E-01
8.29000000E+00 -1.03427607E-01
8.30000000E+00 -1.04395471E-01
8.31000000E+00 -1.05362093E-01
8.32000000E+00 -1.06327469E-01
8.33000000E+00 -1.07291600E-01
8.34000000E+00 -1.08254483E-01
8.35000000E+00 -1.09216117E-01
8.36000000E+00 -1.10176500E-01
8.37000000E+00 -1.11135631E-01
8.38000000E+00 -1.12093509E-01
8.39000000E+00 -1.13050131E-01
8.40000000E+00 -1.14005497E-01
8.41000000E+00 -1.14959604E-01
8.42000000E+00 -1.15912452E-01
8.43000000E+00 -1.16864039E-01
8.44000000E+00 -1.17814363E-01
8.45000000E+00 -1.18763423E-01
8.46000000E+00 -1.19711218E-01
8.47000000E+00 -1.20657745E-01
8.48000000E+00 -1.21603004E-01
8.49000000E+00 -1.22546992E-01
8.50000000E+00 -1.23489709E-01
8.51000000E+00 -1.24431153E-01
8.52000000E+00 -1.25371322E-01
8.53000000E+00 -1.26310215E-01
8.54000000E+00 -1.27247831E-01
8.55000000E+00 -1.28184167E-01
8.56000000E+00 -1.29119223E-01
8.57000000E+00 -1.30052997E-01
8.58000000E+00 -1.30985487E-01
8.59000000E+00 -1.31916692E-01
8.60000000E+00 -1.32846611E-01
8.61000000E+00 -1.33775241E-01
8.62000000E+00 -1.34702582E-01
8.63000000E+00 -1.35628632E-01
8.64000000E+00 -1.36553389E-01
8.65000000E+00 -1.37476852E-01
8.66000000E+00 -1.38399020E-01
8.67000000E+00 -1.39319890E-01
8.68000000E+00 -1.40239462E-01
8.69000000E+00 -1.41157734E-01
8.70000000E+00 -1.42074704E-01
8.71000000E+00 -1.42990371E-01
8.72000000E+00 -1.43904734E-01
8.73000000E+00 -1.44817790E-01
8.74000000E+00 -1.45729539E-01
8.75000000E+00 -1.46639979E-01
8.76000000E+00 -1.47549109E-01
8.77000000E+00 -1.48456926E-01
8.78000000E+00 -1.49363430E-01
8.79000000E+00 -1.50268618E-01
8.80000000E+00 -1.51172491E-01
8.81000000E+00 -1.52075045E-01
8.82000000E+00 -1.52976279E-01
8.83000000E+00 -1.53876193E-01
8.84000000E+00 -1.54774784E-01
8.85000000E+00 -1.55672051E-01
8.86000000E+00 -1.56567992E-01
8.87000000E+00 -1.57462607E-01
8.88000000E+00 -1.58355893E-01
8.89000000E+00 -1.59247849E-01
8.90000000E+00 -1.60138473E-01
8.91000000E+00 -1.61027764E-01
8.92000000E+00 -1.61915721E-01
8.93000000E+00 -1.62802342E-01
8.94000000E+00 -1.63687625E-01
8.95000000E+00 -1.64571570E-01
8.96000000E+00 -1.65454174E-01
8.97000000E+00 -1.66335435E-01
8.98000000E+00 -1.67215354E-01
8.99000000E+00 -1.68093927E-01
9.00000000E+00 -1.68971154E-01
9.01000000E+00 -1.69847033E-01
9.02000000E+00 -1.70721562E-01
9.03000000E+00 -1.71594740E-01
9.04000000E+00 -1.72466566E-01
9.05000000E+00 -1.73337038E-01
9.06000000E+00 -1.74206154E-01
9.07000000E+00 -1.75073913E-01
9.08000000E+00 -1.75940314E-01
9.09000000E+00 -1.76805355E-01
9.10000000E+00 -1.77669035E-01
9.11000000E+00 -1.78531351E-01
9.12000000E+00 -1.79392303E-01
9.13000000E+00 -1.80251889E-01
9.14000000E+00 -1.81110108E-01
9.15000000E+00 -1.81966957E-01
9.16000000E+00 -1.82822436E-01
9.17000000E+00 -1.83676543E-01
9.18000000E+00 -1.84529277E-01
9.19000000E+00 -1.85380636E-01
9.20000000E+00 -1.86230618E-01
9.21000000E+00 -1.87079222E-01
9.22000000E+00 -1.87926447E-01
9.23000000E+00 -1.88772291E-01
9.24000000E+00 -1.89616753E-01
9.25000000E+00 -1.90459830E-01
9.26000000E+00 -1.91301522E-01
9.27000000E+00 -1.92141828E-01
9.28000000E+00 -1.92980744E-01
9.29000000E+00 -1.93818271E-01
9.30000000E+00 -1.94654406E-01
9.31000000E+00 -1.95489149E-01
9.32000000E+00 -1.96322497E-01
9.33000000E+00 -1.97154449E-01
9.34000000E+00 -1.97985004E-01
9.35000000E+00 -1.98814159E-01
9.36000000E+00 -1.99641915E-01
9.37000000E+00 -2.00468268E-01
9.38000000E+00 -2.01293218E-01
9.39000000E+00 -2.02116763E-01
9.40000000E+00 -2.02938902E-01
9.41000000E+00 -2.03759632E-01
9.42000000E+00 -2.04578954E-01
9.43000000E+00 -2.05396864E-01
9.44000000E+00 -2.06213362E-01
9.45000000E+00 -2.07028446E-01
9.46000000E+00 -2.07842115E-01
9.47000000E+00 -2.08654367E-01
9.48000000E+00 -2.09465200E-01
9.49000000E+00 -2.10274614E-01
9.50000000E+00 -2.11082606E-01
9.51000000E+00 -2.11889175E-01
9.52000000E+00 -2.12694320E-01
9.53000000E+00 -2.13498039E-01
9.54000000E+00 -2.14300331E-01
9.55000000E+00 -2.15101194E-01
9.56000000E+00 -2.15900626E-01
9.57000000E+00 -2.16698627E-01
9.58000000E+00 -2.17495194E-01
9.59000000E+00 -2.18290326E-01
9.60000000E+00 -2.19084022E-01
9.61000000E+00 -2.19876280E-01
9.62000000E+00 -2.20667099E-01
9.63000000E+00 -2.21456476E-01
9.64000000E+00 -2.22244412E-01
9.65000000E+00 -2.23030904E-01
9.66000000E+00 -2.23815950E-01
9.67000000E+00 -2.24599549E-01
9.68000000E+00 -2.25381700E-01
9.69000000E+00 -2.26162402E-01
9.70000000E+00 -2.26941651E-01
9.71000000E+00 -2.27719448E-01
9.72000000E+00 -2.28495791E-01
9.73000000E+00 -2.29270678E-01
9.74000000E+00 -2.30044108E-01
9.75000000E+00 -2.30816078E-01
9.76000000E+00 -2.31586589E-01
9.77000000E+00 -2.32355637E-01
9.78000000E+00 -2.33123222E-01
9.79000000E+00 -2.33889343E-01
9.80000000E+00 -2.34653997E-01
9.81000000E+00 -2.35417183E-01
9.82000000E+00 -2.36178900E-01
9.83000000E+00 -2.36939146E-01
9.84000000E+00 -2.37697920E-01
9.85000000E+00 -2.38455220E-01
9.86000000E+00 -2.39211045E-01
9.87000000E+00 -2.39965393E-01
9.88000000E+00 -2.40718262E-01
9.89000000E+00 -2.41469652E-01
9.90000000E+00 -2.42219560E-01
9.91000000E+00 -2.42967986E-01
9.92000000E+00 -2.43714927E-01
9.93000000E+00 -2.44460383E-01
9.94000000E+00 -2.45204351E-01
9.95000000E+00 -2.45946831E-01
9.96000000E+00 -2.46687820E-01
9.97000000E+00 -2.47427318E-01
9.98000000E+00 -2.48165322E-01
9.99000000E+00 -2.48901831E-01
1.00000000E+01 -2.49636844E-01
1.00100000E+01 -2.50370360E-01
1.00200000E+01 -2.51102376E-01
1.00300000E+01 -2.51832891E-01
1.00400000E+01 -2.52561904E-01
1.00500000E+01 -2.53289413E-01
1.00600000E+01 -2.54015417E-01
1.00700000E+01 -2.54739914E-01
1.00800000E+01 -2.55462903E-01
1.00900000E+01 -2.56184383E-01
1.01000000E+01 -2.56904351E-01
1.01100000E+01 -2.57622806E-01
1.01200000E+01 -2.58339747E-01
1.01300000E+01 -2.59055172E-01
1.01400000E+01 -2.59769080E-01
1.01500000E+01 -2.60481469E-01
1.01600000E+01 -2.61192338E-01
1.01700000E+01 -2.61901686E-01
1.01800000E+01 -2.62609510E-01
1.01900000E+01 -2.63315809E-01
1.02000000E+01 -2.64020582E-01
1.02100000E+01 -2.64723827E-01
1.02200000E+01 -2.65425543E-01
1.02300000E+01 -2.66125729E-01
1.02400000E+01 -2.66824382E-01
1.02500000E+01 -2.67521501E-01
1.02600000E+01 -2.68217085E-01
1.02700000E+01 -2.68911133E-01
1.02800000E+01 -2.69603642E-01
1.02900000E+01 -2.70294612E-01
1.03000000E+01 -2.70984040E-01
1.03100000E+01 -2.71671926E-01
1.03200000E+01 -2.72358267E-01
1.03300000E+01 -2.73043063E-01
1.03400000E+01 -2.73726311E-01
1.03500000E+01 -2.74408011E-01
1.03600000E+01 -2.75088161E-01
1.03700000E+01 -2.75766759E-01
1.03800000E+01 -2.76443804E-01
1.03900000E+01 -2.77119294E-01
1.04000000E+01 -2.77793228E-01
1.04100000E+01 -2.78465604E-01
1.04200000E+01 -2.79136421E-01
1.04300000E+01 -2.79805677E-01
1.04400000E+01 -2.80473371E-01
1.04500000E+01 -2.81139502E-01
1.04600000E+01 -2.81804067E-01
1.04700000E+01 -2.82467066E-01
1.04800000E+01 -2.83128496E-01
1.04900000E+01 -2.83788357E-01
1.05000000E+01 -2.84446647E-01
1.05100000E+01 -2.85103364E-01
1.05200000E+01 -2.85758506E-01
1.05300000E+01 -2.86412073E-01
1.05400000E+01 -2.87064063E-01
1.05500000E+01 -2.87714475E-01
1.05600000E+01 -2.88363306E-01
1.05700000E+01 -2.89010555E-01
1.05800000E+01 -2.89656222E-01
1.05900000E+01 -2.90300304E-01
1.06000000E+01 -2.90942799E-01
1.06100000E+01 -2.91583707E-01
1.06200000E+01 -2.92223026E-01
1.06300000E+01 -2.92860754E-01
1.06400000E+01 -2.93496890E-01
1.06500000E+01 -2.94131433E-01
1.06600000E+01 -2.94764380E-01
1.06700000E+01 -2.95395731E-01
1.06800000E+01 -2.96025483E-01
1.06900000E+01 -2.96653636E-01
1.07000000E+01 -2.97280188E-01
1.07100000E+01 -2.97905137E-01
1.07200000E+01 -2.98528482E-01
1.07300000E+01 -2.99150221E-01
1.07400000E+01 -2.99770354E-01
1.07500000E+01 -3.00388877E-01
1.07600000E+01 -3.01005791E-01
1.07700000E+01 -3.01621093E-01
1.07800000E+01 -3.02234782E-01
1.07900000E+01 -3.02846856E-01
1.08000000E+01 -3.03457314E-01
1.08100000E+01 -3.04066155E-01
1.08200000E+01 -3.04673377E-01
1.08300000E+01 -3.05278977E-01
1.08400000E+01 -3.05882956E-01
1.08500000E+01 -3.06485312E-01
1.08600000E+01 -3.07086042E-01
1.08700000E+01 -3.07685145E-01
1.08800000E+01 -3.08282621E-01
1.08900000E+01 -3.08878467E-01
1.09000000E+01 -3.09472682E-01
1.09100000E+01 -3.10065264E-01
1.09200000E+01 -3.10656212E-01
1.09300000E+01 -3.11245525E-01
1.09400000E+01 -3.11833200E-01
1.09500000E+01 -3.12419237E-01
1.09600000E+01 -3.13003634E-01
1.09700000E+01 -3.13586389E-01
1.09800000E+01 -3.14167502E-01
1.09900000E+01 -3.14746969E-01
1.10000000E+01 -3.15324791E-01
1.10100000E+01 -3.15900965E-01
1.10200000E+01 -3.16475490E-01
1.10300000E+01 -3.17048365E-01
1.10400000E+01 -3.17619587E-01
1.10500000E+01 -3.18189156E-01
1.10600000E+01 -3.18757070E-01
1.10700000E+01 -3.19323328E-01
1.10800000E+01 -3.19887927E-01
1.10900000E+01 -3.20450867E-01
1.11000000E+01 -3.21012146E-01
1.11100000E+01 -3.21571762E-01
1.11200000E+01 -3.22129714E-01
1.11300000E+01 -3.22686001E-01
1.11400000E+01 -3.23240621E-01
1.11500000E+01 -3.23793572E-01
1.11600000E+01 -3.24344853E-01
1.11700000E+01 -3.24894462E-01
1.11800000E+01 -3.25442399E-01
1.11900000E+01 -3.25988661E-01
1.12000000E+01 -3.26533247E-01
1.12100000E+01 -3.27076156E-01
1.12200000E+01 -3.27617385E-01
1.12300000E+01 -3.28156934E-01
1.12400000E+01 -3.28694801E-01
1.12500000E+01 -3.29230985E-01
1.12600000E+01 -3.29765484E-01
1.12700000E+01 -3.30298296E-01
1.12800000E+01 -3.30829420E-01
1.12900000E+01 -3.31358854E-01
1.13000000E+01 -3.31886598E-01
1.13100000E+01 -3.32412649E-01
1.13200000E+01 -3.32937006E-01
1.13300000E+01 -3.33459668E-01
1.13400000E+01 -3.33980633E-01
1.13500000E+01 -3.34499899E-01
1.13600000E+01 -3.35017465E-01
1.13700000E+01 -3.35533330E-01
1.13800000E+01 -3.36047492E-01
1.13900000E+01 -3.36559949E-01
1.14000000E+01 -3.37070700E-01
1.14100000E+01 -3.37579744E-01
1.14200000E+01 -3.38087079E-01
1.14300000E+01 -3.38592704E-01
1.14400000E+01 -3.39096616E-01
1.14500000E+01 -3.39598815E-01
1.14600000E+01 -3.40099299E-01
1.14700000E+01 -3.40598067E-01
1.14800000E+01 -3.41095117E-01
1.14900000E+01 -3.41590447E-01
1.15000000E+01 -3.42084056E-01
1.15100000E+01 -3.42575943E-01
1.15200000E+01 -3.43066106E-01
1.15300000E+01 -3.43554544E-01
1.15400000E+01 -3.44041254E-01
1.15500000E+01 -3.44526236E-01
1.15600000E+01 -3.45009489E-01
1.15700000E+01 -3.45491009E-01
1.15800000E+01 -3.45970797E-01
1.15900000E+01 -3.46448851E-01
1.16000000E+01 -3.46925168E-01
1.16100000E+01 -3.47399748E-01
1.16200000E+01 -3.47872590E-01
1.16300000E+01 -3.48343690E-01
1.16400000E+01 -3.48813049E-01
1.16500000E+01 -3.49280665E-01
1.16600000E+01 -3.49746535E-01
1.16700000E+01 -3.50210659E-01
1.16800000E+01 -3.50673036E-01
1.16900000E+01 -3.51133663E-01
1.17000000E+01 -3.51592538E-01
1.17100000E+01 -3.52049662E-01
1.17200000E+01 -3.52505032E-01
1.17300000E+01 -3.52958646E-01
1.17400000E+01 -3.53410503E-01
1.17500000E+01 -3.53860602E-01
1.17600000E+01 -3.54308941E-01
1.17700000E+01 -3.54755519E-01
1.17800000E+01 -3.55200334E-01
1.17900000E+01 -3.55643384E-01
1.18000000E+01 -3.56084669E-01
1.18100000E+01 -3.56524186E-01
1.18200000E+01 -3.56961935E-01
1.18300000E+01 -3.57397913E-01
1.18400000E+01 -3.57832119E-01
1.18500000E+01 -3.58264551E-01
1.18600000E+01 -3.58695209E-01
1.18700000E+01 -3.59124091E-01
1.18800000E+01 -3.59551194E-01
1.18900000E+01 -3.59976519E-01
1.19000000E+01 -3.60400062E-01
1.19100000E+01 -3.60821823E-01
1.19200000E+01 -3.61241801E-01
1.19300000E+01 -3.61659992E-01
1.19400000E+01 -3.62076398E-01
1.19500000E+01 -3.62491014E-01
1.19600000E+01 -3.62903841E-01
1.19700000E+01 -3.63314877E-01
1.19800000E+01 -3.63724119E-01
1.19900000E+01 -3.64131568E-01
1.20000000E+01 -3.64537220E-01
1.20100000E+01 -3.64941075E-01
1.20200000E+01 -3.65343132E-01
1.20300000E+01 -3.65743388E-01
1.20400000E+01 -3.66141842E-01
1.20500000E+01 -3.66538493E-01
1.20600000E+01 -3.66933339E-01
1.20700000E+01 -3.67326379E-01
1.20800000E+01 -3.67717611E-01
1.20900000E+01 -3.68107034E-01
1.21000000E+01 -3.68494645E-01
1.21100000E+01 -3.68880445E-01
1.21200000E+01 -3.69264431E-01
1.21300000E+01 -3.69646601E-01
1.21400000E+01 -3.70026955E-01
1.21500000E+01 -3.70405490E-01
1.21600000E+01 -3.70782206E-01
1.21700000E+01 -3.71157100E-01
1.21800000E+01 -3.71530171E-01
1.21900000E+01 -3.71901418E-01
1.22000000E+01 -3.72270840E-01
1.22100000E+01 -3.72638434E-01
1.22200000E+01 -3.73004199E-01
1.22300000E+01 -3.73368134E-01
1.22400000E+01 -3.73730237E-01
1.22500000E+01 -3.74090507E-01
1.22600000E+01 -3.74448943E-01
1.22700000E+01 -3.74805542E-01
1.22800000E+01 -3.75160303E-01
1.22900000E+01 -3.75513225E-01
1.23000000E+01 -3.75864306E-01
1.23100000E+01 -3.76213545E-01
1.23200000E+01 -3.76560940E-01
1.23300000E+01 -3.76906490E-01
1.23400000E+01 -3.77250193E-01
1.23500000E+01 -3.77592047E-01
1.23600000E+01 -3.77932053E-01
1.23700000E+01 -3.78270206E-01
1.23800000E+01 -3.78606507E-01
1.23900000E+01 -3.78940954E-01
1.24000000E+01 -3.79273545E-01
1.24100000E+01 -3.79604279E-01
1.24200000E+01 -3.79933154E-01
1.24300000E+01 -3.80260169E-01
1.24400000E+01 -3.80585322E-01
1.24500000E+01 -3.80908612E-01
1.24600000E+01 -3.81230038E-01
1.24700000E+01 -3.81549597E-01
1.24800000E+01 -3.81867288E-01
1.24900000E+01 -3.82183110E-01
1.25000000E+01 -3.82497061E-01
1.25100000E+01 -3.82809140E-01
1.25200000E+01 -3.83119346E-01
1.25300000E+01 -3.83427676E-01
1.25400000E+01 -3.83734129E-01
1.25500000E+01 -3.84038704E-01
1.25600000E+01 -3.84341400E-01
1.25700000E+01 -3.84642214E-01
1.25800000E+01 -3.84941146E-01
1.25900000E+01 -3.85238193E-01
1.26000000E+01 -3.85533355E-01
1.26100000E+01 -3.85826630E-01
1.26200000E+01 -3.86118015E-01
1.26300000E+01 -3.86407511E-01
1.26400000E+01 -3.86695115E-01
1.26500000E+01 -3.86980826E-01
1.26600000E+01 -3.87264642E-01
1.26700000E+01 -3.87546562E-01
1.26800000E+01 -3.87826584E-01
1.26900000E+01 -3.88104707E-01
1.27000000E+01 -3.88380929E-01
1.27100000E+01 -3.88655250E-01
1.27200000E+01 -3.88927666E-01
1.27300000E+01 -3.89198177E-01
1.27400000E+01 -3.89466782E-01
1.27500000E+01 -3.89733479E-01
1.27600000E+01 -3.89998265E-01
1.27700000E+01 -3.90261141E-01
1.27800000E+01 -3.90522104E-01
1.27900000E+01 -3.90781153E-01
1.28000000E+01 -3.91038286E-01
1.28100000E+01 -3.91293502E-01
1.28200000E+01 -3.91546800E-01
1.28300000E+01 -3.91798177E-01
1.28400000E+01 -3.92047633E-01
1.28500000E+01 -3.92295165E-01
1.28600000E+01 -3.92540773E-01
1.28700000E+01 -3.92784455E-01
1.28800000E+01 -3.93026209E-01
1.28900000E+01 -3.93266034E-01
1.29000000E+01 -3.93503928E-01
1.29100000E+01 -3.93739890E-01
1.29200000E+01 -3.93973919E-01
1.29300000E+01 -3.94206012E-01
1.29400000E+01 -3.94436169E-01
1.29500000E+01 -3.94664388E-01
1.29600000E+01 -3.94890667E-01
1.29700000E+01 -3.95115005E-01
1.29800000E+01 -3.95337400E-01
1.29900000E+01 -3.95557851E-01
1.30000000E+01 -3.95776357E-01
1.30100000E+01 -3.95992916E-01
1.30200000E+01 -3.96207526E-01
1.30300000E+01 -3.96420185E-01
1.30400000E+01 -3.96630894E-01
1.30500000E+01 -3.96839649E-01
1.30600000E+01 -3.97046449E-01
1.30700000E+01 -3.97251294E-01
1.30800000E+01 -3.97454181E-01
1.30900000E+01 -3.97655108E-01
1.31000000E+01 -3.97854075E-01
1.31100000E+01 -3.98051081E-01
1.31200000E+01 -3.98246122E-01
1.31300000E+01 -3.98439198E-01
1.31400000E+01 -3.98630308E-01
1.31500000E+01 -3.98819450E-01
1.31600000E+01 -3.99006622E-01
1.31700000E+01 -3.99191823E-01
1.31800000E+01 -3.99375052E-01
1.31900000E+01 -3.99556306E-01
1.32000000E+01 -3.99735585E-01
1.32100000E+01 -3.99912887E-01
1.32200000E+01 -4.00088210E-01
1.32300000E+01 -4.00261554E-01
1.32400000E+01 -4.00432915E-01
1.32500000E+01 -4.00602294E-01
1.32600000E+01 -4.00769688E-01
1.32700000E+01 -4.00935096E-01
1.32800000E+01 -4.01098517E-01
1.32900000E+01 -4.01259948E-01
1.33000000E+01 -4.01419389E-01
1.33100000E+01 -4.01576838E-01
1.33200000E+01 -4.01732293E-01
1.33300000E+01 -4.01885753E-01
1.33400000E+01 -4.02037217E-01
1.33500000E+01 -4.02186683E-01
1.33600000E+01 -4.02334149E-01
1.33700000E+01 -4.02479614E-01
1.33800000E+01 -4.02623077E-01
1.33900000E+01 -4.02764535E-01
1.34000000E+01 -4.02903989E-01
1.34100000E+01 -4.03041435E-01
1.34200000E+01 -4.03176872E-01
1.34300000E+01 -4.03310300E-01
1.34400000E+01 -4.03441716E-01
1.34500000E+01 -4.03571119E-01
1.34600000E+01 -4.03698507E-01
1.34700000E+01 -4.03823880E-01
1.34800000E+01 -4.03947235E-01
1.34900000E+01 -4.04068571E-01
1.35000000E+01 -4.04187886E-01
1.35100000E+01 -4.04305180E-01
1.35200000E+01 -4.04420450E-01
1.35300000E+01 -4.04533695E-01
1.35400000E+01 -4.04644914E-01
1.35500000E+01 -4.04754104E-01
1.35600000E+01 -4.04861265E-01
1.35700000E+01 -4.04966395E-01
1.35800000E+01 -4.05069493E-01
1.35900000E+01 -4.05170557E-01
1.36000000E+01 -4.05269585E-01
1.36100000E+01 -4.05366576E-01
1.36200000E+01 -4.05461529E-01
1.36300000E+01 -4.05554442E-01
1.36400000E+01 -4.05645313E-01
1.36500000E+01 -4.05734141E-01
1.36600000E+01 -4.05820925E-01
1.36700000E+01 -4.05905663E-01
1.36800000E+01 -4.05988353E-01
1.36900000E+01 -4.06068995E-01
1.37000000E+01 -4.06147586E-01
1.37100000E+01 -4.06224125E-01
1.37200000E+01 -4.06298611E-01
1.37300000E+01 -4.06371041E-01
1.37400000E+01 -4.06441416E-01
1.37500000E+01 -4.06509732E-01
1.37600000E+01 -4.06575989E-01
1.37700000E+01 -4.06640185E-01
1.37800000E+01 -4.06702318E-01
1.37900000E+01 -4.06762388E-01
1.38000000E+01 -4.06820392E-01
1.38100000E+01 -4.06876329E-01
1.38200000E+01 -4.06930198E-01
1.38300000E+01 -4.06981997E-01
1.38400000E+01 -4.07031724E-01
1.38500000E+01 -4.07079379E-01
1.38600000E+01 -4.07124959E-01
1.38700000E+01 -4.07168463E-01
1.38800000E+01 -4.07209890E-01
1.38900000E+01 -4.07249237E-01
1.39000000E+01 -4.07286505E-01
1.39100000E+01 -4.07321690E-01
1.39200000E+01 -4.07354793E-01
1.39300000E+01 -4.07385810E-01
1.39400000E+01 -4.07414741E-01
1.39500000E+01 -4.07441584E-01
1.39600000E+01 -4.07466337E-01
1.39700000E+01 -4.07489000E-01
1.39800000E+01 -4.07509570E-01
1.39900000E+01 -4.07528046E-01
1.40000000E+01 -4.07544427E-01
1.40100000E+01 -4.07558711E-01
1.40200000E+01 -4.07570897E-01
1.40300000E+01 -4.07580983E-01
1.40400000E+01 -4.07588967E-01
1.40500000E+01 -4.07594849E-01
1.40600000E+01 -4.07598626E-01
1.40700000E+01 -4.07600298E-01
1.40800000E+01 -4.07599862E-01
1.40900000E+01 -4.07597317E-01
1.41000000E+01 -4.07592661E-01
1.41100000E+01 -4.07585894E-01
1.41200000E+01 -4.07577014E-01
1.41300000E+01 -4.07566019E-01
1.41400000E+01 -4.07552907E-01
1.41500000E+01 -4.07537677E-01
1.41600000E+01 -4.07520328E-01
1.41700000E+01 -4.07500859E-01
1.41800000E+01 -4.07479267E-01
1.41900000E+01 -4.07455551E-01
1.42000000E+01 -4.07429709E-01
1.42100000E+01 -4.07401741E-01
1.42200000E+01 -4.07371645E-01
1.42300000E+01 -4.07339418E-01
1.42400000E+01 -4.07305061E-01
1.42500000E+01 -4.07268570E-01
1.42600000E+01 -4.07229946E-01
1.42700000E+01 -4.07189185E-01
1.42800000E+01 -4.07146287E-01
1.42900000E+01 -4.07101250E-01
1.43000000E+01 -4.07054073E-01
1.43100000E+01 -4.07004754E-01
1.43200000E+01 -4.06953292E-01
1.43300000E+01 -4.06899685E-01
1.43400000E+01 -4.06843932E-01
1.43500000E+01 -4.06786031E-01
1.43600000E+01 -4.06725980E-01
1.43700000E+01 -4.06663779E-01
1.43800000E+01 -4.06599425E-01
1.43900000E+01 -4.06532918E-01
1.44000000E+01 -4.06464255E-01
1.44100000E+01 -4.06393436E-01
1.44200000E+01 -4.06320458E-01
1.44300000E+01 -4.06245321E-01
1.44400000E+01 -4.06168022E-01
1.44500000E+01 -4.06088560E-01
1.44600000E+01 -4.06006934E-01
1.44700000E+01 -4.05923143E-01
1.44800000E+01 -4.05837184E-01
1.44900000E+01 -4.05749056E-01
1.45000000E+01 -4.05658758E-01
1.45100000E+01 -4.05566288E-01
1.45200000E+01 -4.05471645E-01
1.45300000E+01 -4.05374827E-01
1.45400000E+01 -4.05275833E-01
1.45500000E+01 -4.05174662E-01
1.45600000E+01 -4.05071310E-01
1.45700000E+01 -4.04965779E-01
1.45800000E+01 -4.04858064E-01
1.45900000E+01 -4.04748167E-01
1.46000000E+01 -4.04636083E-01
1.46100000E+01 -4.04521814E-01
1.46200000E+01 -4.04405355E-01
1.46300000E+01 -4.04286708E-01
1.46400000E+01 -4.04165868E-01
1.46500000E+01 -4.04042837E-01
1.46600000E+01 -4.03917611E-01
1.46700000E+01 -4.03790189E-01
1.46800000E+01 -4.03660570E-01
1.46900000E+01 -4.03528752E-01
1.47000000E+01 -4.03394734E-01
1.47100000E+01 -4.03258514E-01
1.47200000E+01 -4.03120091E-01
1.47300000E+01 -4.02979463E-01
1.47400000E+01 -4.02836629E-01
1.47500000E+01 -4.02691588E-01
1.47600000E+01 -4.02544337E-01
1.47700000E+01 -4.02394875E-01
1.47800000E+01 -4.02243202E-01
1.47900000E+01 -4.02089314E-01
1.48000000E+01 -4.01933211E-01
1.48100000E+01 -4.01774892E-01
1.48200000E+01 -4.01614354E-01
1.48300000E+01 -4.01451597E-01
1.48400000E+01 -4.01286618E-01
1.48500000E+01 -4.01119417E-01
1.48600000E+01 -4.00949992E-01
1.48700000E+01 -4.00778341E-01
1.48800000E+01 -4.00604462E-01
1.48900000E+01 -4.00428355E-01
1.49000000E+01 -4.00250018E-01
1.49100000E+01 -4.00069449E-01
1.49200000E+01 -3.99886647E-01
1.49300000E+01 -3.99701611E-01
1.49400000E+01 -3.99514338E-01
1.49500000E+01 -3.99324827E-01
1.49600000E+01 -3.99133077E-01
1.49700000E+01 -3.98939087E-01
1.49800000E+01 -3.98742854E-01
1.49900000E+01 -3.98544378E-01
1.50000000E+01 -3.98343657E-01
1.50100000E+01 -3.98140689E-01
1.50200000E+01 -3.97935472E-01
1.50300000E+01 -3.97728007E-01
1.50400000E+01 -3.97518289E-01
1.50500000E+01 -3.97306320E-01
1.50600000E+01 -3.97092096E-01
1.50700000E+01 -3.96875616E-01
1.50800000E+01 -3.96656880E-01
1.50900000E+01 -3.96435885E-01
1.51000000E+01 -3.96212629E-01
1.51100000E+01 -3.95987112E-01
1.51200000E+01 -3.95759332E-01
1.51300000E+01 -3.95529287E-01
1.51400000E+01 -3.95296976E-01
1.51500000E+01 -3.95062397E-01
1.51600000E+01 -3.94825550E-01
1.51700000E+01 -3.94586431E-01
1.51800000E+01 -3.94345041E-01
1.51900000E+01 -3.94101377E-01
1.52000000E+01 -3.93855438E-01
1.52100000E+01 -3.93607222E-01
1.52200000E+01 -3.93356728E-01
1.52300000E+01 -3.93103954E-01
1.52400000E+01 -3.92848900E-01
1.52500000E+01 -3.92591562E-01
1.52600000E+01 -3.92331941E-01
1.52700000E+01 -3.92070034E-01
1.52800000E+01 -3.91805840E-01
1.52900000E+01 -3.91539357E-01
1.53000000E+01 -3.91270584E-01
1.53100000E+01 -3.90999520E-01
1.53200000E+01 -3.90726162E-01
1.53300000E+01 -3.90450510E-01
1.53400000E+01 -3.90172562E-01
1.53500000E+01 -3.89892316E-01
1.53600000E+01 -3.89609772E-01
1.53700000E+01 -3.89324926E-01
1.53800000E+01 -3.89037779E-01
1.53900000E+01 -3.88748328E-01
1.54000000E+01 -3.88456572E-01
1.54100000E+01 -3.88162509E-01
1.54200000E+01 -3.87866138E-01
1.54300000E+01 -3.87567458E-01
1.54400000E+01 -3.87266466E-01
1.54500000E+01 -3.86963162E-01
1.54600000E+01 -3.86657544E-01
1.54700000E+01 -3.86349611E-01
1.54800000E+01 -3.86039360E-01
1.54900000E+01 -3.85726791E-01
1.55000000E+01 -3.85411902E-01
1.55100000E+01 -3.85094691E-01
1.55200000E+01 -3.84775157E-01
1.55300000E+01 -3.84453298E-01
1.55400000E+01 -3.84129114E-01
1.55500000E+01 -3.83802602E-01
1.55600000E+01 -3.83473761E-01
1.55700000E+01 -3.83142589E-01
1.55800000E+01 -3.82809086E-01
1.55900000E+01 -3.82473249E-01
1.56000000E+01 -3.82135077E-01
1.56100000E+01 -3.81794568E-01
1.56200000E+01 -3.81451721E-01
1.56300000E+01 -3.81106535E-01
1.56400000E+01 -3.80759008E-01
1.56500000E+01 -3.80409138E-01
1.56600000E+01 -3.80056924E-01
1.56700000E+01 -3.79702365E-01
1.56800000E+01 -3.79345458E-01
1.56900000E+01 -3.78986204E-01
1.57000000E+01 -3.78624599E-01
1.57100000E+01 -3.78260642E-01
1.57200000E+01 -3.77894333E-01
1.57300000E+01 -3.77525669E-01
1.57400000E+01 -3.77154649E-01
1.57500000E+01 -3.76781272E-01
1.57600000E+01 -3.76405536E-01
1.57700000E+01 -3.76027439E-01
1.57800000E+01 -3.75646980E-01
1.57900000E+01 -3.75264158E-01
1.58000000E+01 -3.74878970E-01
1.58100000E+01 -3.74491417E-01
1.58200000E+01 -3.74101495E-01
1.58300000E+01 -3.73709204E-01
1.58400000E+01 -3.73314541E-01
1.58500000E+01 -3.72917507E-01
1.58600000E+01 -3.72518098E-01
1.58700000E+01 -3.72116314E-01
1.58800000E+01 -3.71712153E-01
1.58900000E+01 -3.71305613E-01
1.59000000E+01 -3.70896694E-01
1.59100000E+01 -3.70485393E-01
1.59200000E+01 -3.70071709E-01
1.59300000E+01 -3.69655640E-01
1.59400000E+01 -3.69237186E-01
1.59500000E+01 -3.68816344E-01
1.59600000E+01 -3.68393113E-01
1.59700000E+01 -3.67967492E-01
1.59800000E+01 -3.67539479E-01
1.59900000E+01 -3.67109072E-01
1.60000000E+01 -3.66676271E-01
1.60100000E+01 -3.66241073E-01
1.60200000E+01 -3.65803477E-01
1.60300000E+01 -3.65363482E-01
1.60400000E+01 -3.64921085E-01
1.60500000E+01 -3.64476286E-01
1.60600000E+01 -3.64029084E-01
1.60700000E+01 -3.63579476E-01
1.60800000E+01 -3.63127461E-01
1.60900000E+01 -3.62673037E-01
1.61000000E+01 -3.62216204E-01
1.61100000E+01 -3.61756959E-01
1.61200000E+01 -3.61295302E-01
1.61300000E+01 -3.60831230E-01
1.61400000E+01 -3.60364742E-01
1.61500000E+01 -3.59895836E-01
1.61600000E+01 -3.59424512E-01
1.61700000E+01 -3.58950767E-01
1.61800000E+01 -3.58474601E-01
1.61900000E+01 -3.57996011E-01
1.62000000E+01 -3.57514996E-01
1.62100000E+01 -3.57031554E-01
1.62200000E+01 -3.56545685E-01
1.62300000E+01 -3.56057387E-01
1.62400000E+01 -3.55566657E-01
1.62500000E+01 -3.55073495E-01
1.62600000E+01 -3.54577899E-01
1.62700000E+01 -3.54079868E-01
1.62800000E+01 -3.53579400E-01
1.62900000E+01 -3.53076494E-01
1.63000000E+01 -3.52571148E-01
1.63100000E+01 -3.52063360E-01
1.63200000E+01 -3.51553130E-01
1.63300000E+01 -3.51040455E-01
1.63400000E+01 -3.50525334E-01
1.63500000E+01 -3.50007766E-01
1.63600000E+01 -3.49487749E-01
1.63700000E+01 -3.48965282E-01
1.63800000E+01 -3.48440363E-01
1.63900000E+01 -3.47912990E-01
1.64000000E+01 -3.47383163E-01
1.64100000E+01 -3.46850879E-01
1.64200000E+01 -3.46316137E-01
1.64300000E+01 -3.45778936E-01
1.64400000E+01 -3.45239275E-01
1.64500000E+01 -3.44697151E-01
1.64600000E+01 -3.44152563E-01
1.64700000E+01 -3.43605509E-01
1.64800000E+01 -3.43055989E-01
1.64900000E+01 -3.42504001E-01
1.65000000E+01 -3.41949543E-01
1.65100000E+01 -3.41392613E-01
1.65200000E+01 -3.40833211E-01
1.65300000E+01 -3.40271334E-01
1.65400000E+01 -3.39706981E-01
1.65500000E+01 -3.39140151E-01
1.65600000E+01 -3.38570843E-01
1.65700000E+01 -3.37999054E-01
1.65800000E+01 -3.37424783E-01
1.65900000E+01 -3.36848029E-01
1.66000000E+01 -3.36268790E-01
1.66100000E+01 -3.35687064E-01
1.66200000E+01 -3.35102851E-01
1.66300000E+01 -3.34516149E-01
1.66400000E+01 -3.33926956E-01
1.66500000E+01 -3.33335270E-01
1.66600000E+01 -3.32741091E-01
1.66700000E+01 -3.32144417E-01
1.66800000E+01 -3.31545245E-01
1.66900000E+01 -3.30943576E-01
1.67000000E+01 -3.30339406E-01
1.67100000E+01 -3.29732736E-01
1.67200000E+01 -3.29123562E-01
1.67300000E+01 -3.28511884E-01
1.67400000E+01 -3.27897701E-01
1.67500000E+01 -3.27281010E-01
1.67600000E+01 -3.26661811E-01
1.67700000E+01 -3.26040101E-01
1.67800000E+01 -3.25415879E-01
1.67900000E+01 -3.24789144E-01
1.68000000E+01 -3.24159895E-01
1.68100000E+01 -3.23528129E-01
1.68200000E+01 -3.22893845E-01
1.68300000E+01 -3.22257042E-01
1.68400000E+01 -3.21617719E-01
1.68500000E+01 -3.20975873E-01
1.68600000E+01 -3.20331503E-01
1.68700000E+01 -3.19684608E-01
1.68800000E+01 -3.19035186E-01
1.68900000E+01 -3.18383236E-01
1.69000000E+01 -3.17728757E-01
1.69100000E+01 -3.17071746E-01
1.69200000E+01 -3.16412202E-01
1.69300000E+01 -3.15750124E-01
1.69400000E+01 -3.15085511E-01
1.69500000E+01 -3.14418360E-01
1.69600000E+01 -3.13748671E-01
1.69700000E+01 -3.13076441E-01
1.69800000E+01 -3.12401669E-01
1.69900000E+01 -3.11724355E-01
1.70000000E+01 -3.11044495E-01
1.70100000E+01 -3.10362090E-01
1.70200000E+01 -3.09677136E-01
1.70300000E+01 -3.08989634E-01
1.70400000E+01 -3.08299580E-01
1.70500000E+01 -3.07606975E-01
1.70600000E+01 -3.06911816E-01
1.70700000E+01 -3.06214101E-01
1.70800000E+01 -3.05513830E-01
1.70900000E+01 -3.04811001E-01
1.71000000E+01 -3.04105612E-01
1.71100000E+01 -3.03397662E-01
1.71200000E+01 -3.02687149E-01
1.71300000E+01 -3.01974072E-01
1.71400000E+01 -3.01258429E-01
1.71500000E+01 -3.00540219E-01
1.71600000E+01 -2.99819440E-01
1.71700000E+01 -2.99096092E-01
1.71800000E+01 -2.98370171E-01
1.71900000E+01 -2.97641677E-01
1.72000000E+01 -2.96910609E-01
1.72100000E+01 -2.96176965E-01
1.72200000E+01 -2.95440742E-01
1.72300000E+01 -2.94701941E-01
1.72400000E+01 -2.93960559E-01
1.72500000E+01 -2.93216595E-01
1.72600000E+01 -2.92470047E-01
1.72700000E+01 -2.91720914E-01
1.72800000E+01 -2.90969195E-01
1.72900000E+01 -2.90214887E-01
1.73000000E+01 -2.89457989E-01
1.73100000E+01 -2.88698501E-01
1.73200000E+01 -2.87936419E-01
1.73300000E+01 -2.87171744E-01
1.73400000E+01 -2.86404473E-01
1.73500000E+01 -2.85634605E-01
1.73600000E+01 -2.84862138E-01
1.73700000E+01 -2.84087071E-01
1.73800000E+01 -2.83309402E-01
1.73900000E+01 -2.82529131E-01
1.74000000E+01 -2.81746254E-01
1.74100000E+01 -2.80960772E-01
1.74200000E+01 -2.80172682E-01
1.74300000E+01 -2.79381983E-01
1.74400000E+01 -2.78588673E-01
1.74500000E+01 -2.77792751E-01
1.74600000E+01 -2.76994215E-01
1.74700000E+01 -2.76193065E-01
1.74800000E+01 -2.75389297E-01
1.74900000E+01 -2.74582912E-01
1.75000000E+01 -2.73773907E-01
1.75100000E+01 -2.72962281E-01
1.75200000E+01 -2.72148032E-01
1.75300000E+01 -2.71331159E-01
1.75400000E+01 -2.70511661E-01
1.75500000E+01 -2.69689535E-01
1.75600000E+01 -2.68864781E-01
1.75700000E+01 -2.68037397E-01
1.75800000E+01 -2.67207381E-01
1.75900000E+01 -2.66374732E-01
1.76000000E+01 -2.65539449E-01
1.76100000E+01 -2.64701529E-01
1.76200000E+01 -2.63860972E-01
1.76300000E+01 -2.63017776E-01
1.76400000E+01 -2.62171939E-01
1.76500000E+01 -2.61323460E-01
1.76600000E+01 -2.60472338E-01
1.76700000E+01 -2.59618570E-01
1.76800000E+01 -2.58762156E-01
1.76900000E+01 -2.57903094E-01
1.77000000E+01 -2.57041382E-01
1.77100000E+01 -2.56177020E-01
1.77200000E+01 -2.55310004E-01
1.77300000E+01 -2.54440335E-01
1.77400000E+01 -2.53568010E-01
1.77500000E+01 -2.52693028E-01
1.77600000E+01 -2.51815387E-01
1.77700000E+01 -2.50935087E-01
1.77800000E+01 -2.50052125E-01
1.77900000E+01 -2.49166500E-01
1.78000000E+01 -2.48278210E-01
1.78100000E+01 -2.47387254E-01
1.78200000E+01 -2.46493631E-01
1.78300000E+01 -2.45597338E-01
1.78400000E+01 -2.44698376E-01
1.78500000E+01 -2.43796741E-01
1.78600000E+01 -2.42892432E-01
1.78700000E+01 -2.41985449E-01
1.78800000E+01 -2.41075789E-01
1.78900000E+01 -2.40163451E-01
1.79000000E+01 -2.39248434E-01
1.79100000E+01 -2.38330735E-01
1.79200000E+01 -2.37410354E-01
1.79300000E+01 -2.36487289E-01
1.79400000E+01 -2.35561538E-01
1.79500000E+01 -2.34633101E-01
1.79600000E+01 -2.33701975E-01
1.79700000E+01 -2.32768159E-01
1.79800000E+01 -2.31831651E-01
1.79900000E+01 -2.30892451E-01
1.80000000E+01 -2.29950556E-01
1.80100000E+01 -2.29005965E-01
1.80200000E+01 -2.28058676E-01
1.80300000E+01 -2.27108688E-01
1.80400000E+01 -2.26156000E-01
1.80500000E+01 -2.25200610E-01
1.80600000E+01 -2.24242517E-01
1.80700000E+01 -2.23281719E-01
1.80800000E+01 -2.22318214E-01
1.80900000E+01 -2.21352001E-01
1.81000000E+01 -2.20383078E-01
1.81100000E+01 -2.19411445E-01
1.81200000E+01 -2.18437099E-01
1.81300000E+01 -2.17460039E-01
1.81400000E+01 -2.16480264E-01
1.81500000E+01 -2.15497772E-01
1.81600000E+01 -2.14512561E-01
1.81700000E+01 -2.13524631E-01
1.81800000E+01 -2.12533978E-01
1.81900000E+01 -2.11540603E-01
1.82000000E+01 -2.10544504E-01
1.82100000E+01 -2.09545678E-01
1.82200000E+01 -2.08544126E-01
1.82300000E+01 -2.07539844E-01
1.82400000E+01 -2.06532831E-01
1.82500000E+01 -2.05523087E-01
1.82600000E+01 -2.04510609E-01
1.82700000E+01 -2.03495397E-01
1.82800000E+01 -2.02477448E-01
1.82900000E+01 -2.01456761E-01
1.83000000E+01 -2.00433334E-01
1.83100000E+01 -1.99407167E-01
1.83200000E+01 -1.98378257E-01
1.83300000E+01 -1.97346604E-01
1.83400000E+01 -1.96312205E-01
1.83500000E+01 -1.95275059E-01
1.83600000E+01 -1.94235164E-01
1.83700000E+01 -1.93192520E-01
1.83800000E+01 -1.92147124E-01
1.83900000E+01 -1.91098975E-01
1.84000000E+01 -1.90048072E-01
1.84100000E+01 -1.88994413E-01
1.84200000E+01 -1.87937997E-01
1.84300000E+01 -1.86878822E-01
1.84400000E+01 -1.85816886E-01
1.84500000E+01 -1.84752189E-01
1.84600000E+01 -1.83684728E-01
1.84700000E+01 -1.82614502E-01
1.84800000E+01 -1.81541509E-01
1.84900000E+01 -1.80465749E-01
1.85000000E+01 -1.79387220E-01
1.85100000E+01 -1.78305919E-01
1.85200000E+01 -1.77221847E-01
1.85300000E+01 -1.76135000E-01
1.85400000E+01 -1.75045378E-01
1.85500000E+01 -1.73952979E-01
1.85600000E+01 -1.72857802E-01
1.85700000E+01 -1.71759845E-01
1.85800000E+01 -1.70659106E-01
1.85900000E+01 -1.69555585E-01
1.86000000E+01 -1.68449279E-01
1.86100000E+01 -1.67340187E-01
1.86200000E+01 -1.66228308E-01
1.86300000E+01 -1.65113641E-01
1.86400000E+01 -1.63996182E-01
1.86500000E+01 -1.62875932E-01
1.86600000E+01 -1.61752889E-01
1.86700000E+01 -1.60627051E-01
1.86800000E+01 -1.59498416E-01
1.86900000E+01 -1.58366984E-01
1.87000000E+01 -1.57232752E-01
1.87100000E+01 -1.56095720E-01
1.87200000E+01 -1.54955885E-01
1.87300000E+01 -1.53813246E-01
1.87400000E+01 -1.52667802E-01
1.87500000E+01 -1.51519551E-01
1.87600000E+01 -1.50368492E-01
1.87700000E+01 -1.49214623E-01
1.87800000E+01 -1.48057942E-01
1.87900000E+01 -1.46898449E-01
1.88000000E+01 -1.45736141E-01
1.88100000E+01 -1.44571018E-01
1.88200000E+01 -1.43403077E-01
1.88300000E+01 -1.42232318E-01
1.88400000E+01 -1.41058738E-01
1.88500000E+01 -1.39882337E-01
1.88600000E+01 -1.38703112E-01
1.88700000E+01 -1.37521062E-01
1.88800000E+01 -1.36336186E-01
1.88900000E+01 -1.35148482E-01
1.89000000E+01 -1.33957949E-01
1.89100000E+01 -1.32764585E-01
1.89200000E+01 -1.31568389E-01
1.89300000E+01 -1.30369359E-01
1.89400000E+01 -1.29167494E-01
1.89500000E+01 -1.27962792E-01
1.89600000E+01 -1.26755252E-01
1.89700000E+01 -1.25544872E-01
1.89800000E+01 -1.24331650E-01
1.89900000E+01 -1.23115586E-01
1.90000000E+01 -1.21896678E-01
1.90100000E+01 -1.20674923E-01
1.90200000E+01 -1.19450322E-01
1.90300000E+01 -1.18222872E-01
1.90400000E+01 -1.16992571E-01
1.90500000E+01 -1.15759419E-01
1.90600000E+01 -1.14523414E-01
1.90700000E+01 -1.13284553E-01
1.90800000E+01 -1.12042837E-01
1.90900000E+01 -1.10798262E-01
1.91000000E+01 -1.09550829E-01
1.91100000E+01 -1.08300535E-01
1.91200000E+01 -1.07047378E-01
1.91300000E+01 -1.05791358E-01
1.91400000E+01 -1.04532472E-01
1.91500000E+01 -1.03270720E-01
1.91600000E+01 -1.02006100E-01
1.91700000E+01 -1.00738609E-01
1.91800000E+01 -9.94682479E-02
1.91900000E+01 -9.81950138E-02
1.92000000E+01 -9.69189053E-02
1.92100000E+01 -9.56399212E-02
1.92200000E+01 -9.43580598E-02
1.92300000E+01 -9.30733197E-02
1.92400000E+01 -9.17856994E-02
1.92500000E+01 -9.04951974E-02
1.92600000E+01 -8.92018121E-02
1.92700000E+01 -8.79055422E-02
1.92800000E+01 -8.66063860E-02
1.92900000E+01 -8.53043421E-02
1.93000000E+01 -8.39994090E-02
1.93100000E+01 -8.26915852E-02
1.93200000E+01 -8.13808693E-02
1.93300000E+01 -8.00672596E-02
1.93400000E+01 -7.87507547E-02
1.93500000E+01 -7.74313531E-02
1.93600000E+01 -7.61090533E-02
1.93700000E+01 -7.47838538E-02
1.93800000E+01 -7.34557532E-02
1.93900000E+01 -7.21247498E-02
1.94000000E+01 -7.07908423E-02
1.94100000E+01 -6.94540291E-02
1.94200000E+01 -6.81143087E-02
1.94300000E+01 -6.67716796E-02
1.94400000E+01 -6.54261404E-02
1.94500000E+01 -6.40776895E-02
1.94600000E+01 -6.27263254E-02
1.94700000E+01 -6.13720466E-02
1.94800000E+01 -6.00148517E-02
1.94900000E+01 -5.86547391E-02
1.95000000E+01 -5.72917073E-02
1.95100000E+01 -5.59257549E-02
1.95200000E+01 -5.45568803E-02
1.95300000E+01 -5.31850821E-02
1.95400000E+01 -5.18103587E-02
1.95500000E+01 -5.04327087E-02
1.95600000E+01 -4.90521305E-02
1.95700000E+01 -4.76686227E-02
1.95800000E+01 -4.62821837E-02
1.95900000E+01 -4.48928121E-02
1.96000000E+01 -4.35005064E-02
1.96100000E+01 -4.21052650E-02
1.96200000E+01 -4.07070865E-02
1.96300000E+01 -3.93059693E-02
1.96400000E+01 -3.79019120E-02
1.96500000E+01 -3.64949131E-02
1.96600000E+01 -3.50849710E-02
1.96700000E+01 -3.36720844E-02
1.96800000E+01 -3.22562516E-02
1.96900000E+01 -3.08374712E-02
1.97000000E+01 -2.94157416E-02
1.97100000E+01 -2.79910615E-02
1.97200000E+01 -2.65634292E-02
1.97300000E+01 -2.51328434E-02
1.97400000E+01 -2.36993024E-02
1.97500000E+01 -2.22628048E-02
1.97600000E+01 -2.08233491E-02
1.97700000E+01 -1.93809338E-02
1.97800000E+01 -1.79355574E-02
1.97900000E+01 -1.64872184E-02
1.98000000E+01 -1.50359153E-02
1.98100000E+01 -1.35816467E-02
1.98200000E+01 -1.21244109E-02
1.98300000E+01 -1.06642065E-02
1.98400000E+01 -9.20103210E-03
1.98500000E+01 -7.73488607E-03
1.98600000E+01 -6.26576696E-03
1.98700000E+01 -4.79367327E-03
1.98800000E+01 -3.31860350E-03
1.98900000E+01 -1.84055615E-03
1.99000000E+01 -3.59529737E-04
1.99100000E+01 1.12447725E-03
1.99200000E+01 2.34427546E-03
1.99300000E+01 3.26961024E-03
1.99400000E+01 3.89988489E-03
1.99500000E+01 4.23450269E-03
1.99600000E+01 4.27286693E-03
1.99700000E+01 4.01438089E-03
1.99800000E+01 3.45844788E-03
1.99900000E+01 2.60447120E-03
2.00000000E+01 1.45185413E-03
