0.00000000E+00 1.00000000E+00
1.00000000E-01 9.56380271E-01
2.00000000E-01 9.41743320E-01
3.00000000E-01 9.27109325E-01
4.00000000E-01 9.12479765E-01
5.00000000E-01 8.97856118E-01
6.00000000E-01 8.83239861E-01
7.00000000E-01 8.68632474E-01
8.00000000E-01 8.54035434E-01
9.00000000E-01 8.39450219E-01
1.00000000E+00 8.24878308E-01
1.10000000E+00 8.10321179E-01
1.20000000E+00 7.95780310E-01
1.30000000E+00 7.81257179E-01
1.40000000E+00 7.66753265E-01
1.50000000E+00 7.52270045E-01
1.60000000E+00 7.37808998E-01
1.70000000E+00 7.23371602E-01
1.80000000E+00 7.08959335E-01
1.90000000E+00 6.94573676E-01
2.00000000E+00 6.80216102E-01
2.10000000E+00 6.65888091E-01
2.20000000E+00 6.51591123E-01
2.30000000E+00 6.37326675E-01
2.40000000E+00 6.23096225E-01
2.50000000E+00 6.08901251E-01
2.60000000E+00 5.94743232E-01
2.70000000E+00 5.80623646E-01
2.80000000E+00 5.66543971E-01
2.90000000E+00 5.52505685E-01
3.00000000E+00 5.38510267E-01
3.10000000E+00 5.24559194E-01
3.20000000E+00 5.10653945E-01
3.30000000E+00 4.96795998E-01
3.40000000E+00 4.82986831E-01
3.50000000E+00 4.69227922E-01
3.60000000E+00 4.55520750E-01
3.70000000E+00 4.41866792E-01
3.80000000E+00 4.28267527E-01
3.90000000E+00 4.14724434E-01
4.00000000E+00 4.01238989E-01
4.10000000E+00 3.87812672E-01
4.20000000E+00 3.74446961E-01
4.30000000E+00 3.61143334E-01
4.40000000E+00 3.47903268E-01
4.50000000E+00 3.34728243E-01
4.60000000E+00 3.21619736E-01
4.70000000E+00 3.08579225E-01
4.80000000E+00 2.95608190E-01
4.90000000E+00 2.82708107E-01
5.00000000E+00 2.69880455E-01
5.10000000E+00 2.57126713E-01
5.20000000E+00 2.44448358E-01
5.30000000E+00 2.31846869E-01
5.40000000E+00 2.19323723E-01
5.50000000E+00 2.06880400E-01
5.60000000E+00 1.94518377E-01
5.70000000E+00 1.82239132E-01
5.80000000E+00 1.70044144E-01
5.90000000E+00 1.57934890E-01
6.00000000E+00 1.45912850E-01
6.10000000E+00 1.33979501E-01
6.20000000E+00 1.22136321E-01
6.30000000E+00 1.10384788E-01
6.40000000E+00 9.87263815E-02
6.50000000E+00 8.71625787E-02
6.60000000E+00 7.56948579E-02
6.70000000E+00 6.43246974E-02
6.80000000E+00 5.30535754E-02
6.90000000E+00 4.18829699E-02
7.00000000E+00 3.08143594E-02
7.10000000E+00 1.98492218E-02
7.20000000E+00 8.98903538E-03
7.30000000E+00 -1.76472164E-03
7.40000000E+00 -1.24105711E-02
7.50000000E+00 -2.29470348E-02
7.60000000E+00 -3.33726346E-02
7.70000000E+00 -4.36858922E-02
7.80000000E+00 -5.38853296E-02
7.90000000E+00 -6.39694684E-02
8.00000000E+00 -7.39368306E-02
8.10000000E+00 -8.37859379E-02
8.20000000E+00 -9.35153122E-02
8.30000000E+00 -1.03123475E-01
8.40000000E+00 -1.12608949E-01
8.50000000E+00 -1.21970255E-01
8.60000000E+00 -1.31205915E-01
8.70000000E+00 -1.40314451E-01
8.80000000E+00 -1.49294385E-01
8.90000000E+00 -1.58144239E-01
9.00000000E+00 -1.66862534E-01
9.10000000E+00 -1.75447793E-01
9.20000000E+00 -1.83898536E-01
9.30000000E+00 -1.92213287E-01
9.40000000E+00 -2.00390566E-01
9.50000000E+00 -2.08428896E-01
9.60000000E+00 -2.16326798E-01
9.70000000E+00 -2.24082794E-01
9.80000000E+00 -2.31695406E-01
9.90000000E+00 -2.39163156E-01
1.00000000E+01 -2.46484566E-01
1.01000000E+01 -2.53658157E-01
1.02000000E+01 -2.60682451E-01
1.03000000E+01 -2.67555970E-01
1.04000000E+01 -2.74277236E-01
1.05000000E+01 -2.80844771E-01
1.06000000E+01 -2.87257097E-01
1.07000000E+01 -2.93512734E-01
1.08000000E+01 -2.99610206E-01
1.09000000E+01 -3.05548034E-01
1.10000000E+01 -3.11324739E-01
1.11000000E+01 -3.16938844E-01
1.12000000E+01 -3.22388870E-01
1.13000000E+01 -3.27673340E-01
1.14000000E+01 -3.32790775E-01
1.15000000E+01 -3.37739696E-01
1.16000000E+01 -3.42518626E-01
1.17000000E+01 -3.47126087E-01
1.18000000E+01 -3.51560599E-01
1.19000000E+01 -3.55820686E-01
1.20000000E+01 -3.59904869E-01
1.21000000E+01 -3.63811669E-01
1.22000000E+01 -3.67539609E-01
1.23000000E+01 -3.71087210E-01
1.24000000E+01 -3.74452995E-01
1.25000000E+01 -3.77635484E-01
1.26000000E+01 -3.80633200E-01
1.27000000E+01 -3.83444665E-01
1.28000000E+01 -3.86068400E-01
1.29000000E+01 -3.88502928E-01
1.30000000E+01 -3.90746769E-01
1.31000000E+01 -3.92798446E-01
1.32000000E+01 -3.94656481E-01
1.33000000E+01 -3.96319395E-01
1.34000000E+01 -3.97785711E-01
1.35000000E+01 -3.99053950E-01
1.36000000E+01 -4.00122634E-01
1.37000000E+01 -4.00990284E-01
1.38000000E+01 -4.01655423E-01
1.39000000E+01 -4.02116572E-01
1.40000000E+01 -4.02372254E-01
1.41000000E+01 -4.02420989E-01
1.42000000E+01 -4.02261301E-01
1.43000000E+01 -4.01891709E-01
1.44000000E+01 -4.01310738E-01
1.45000000E+01 -4.00516907E-01
1.46000000E+01 -3.99508740E-01
1.47000000E+01 -3.98284758E-01
1.48000000E+01 -3.96843482E-01
1.49000000E+01 -3.95183434E-01
1.50000000E+01 -3.93303138E-01
1.51000000E+01 -3.91201113E-01
1.52000000E+01 -3.88875882E-01
1.53000000E+01 -3.86325967E-01
1.54000000E+01 -3.83549889E-01
1.55000000E+01 -3.80546171E-01
1.56000000E+01 -3.77313334E-01
1.57000000E+01 -3.73849900E-01
1.58000000E+01 -3.70154391E-01
1.59000000E+01 -3.66225328E-01
1.60000000E+01 -3.62061234E-01
1.61000000E+01 -3.57660631E-01
1.62000000E+01 -3.53022039E-01
1.63000000E+01 -3.48143981E-01
1.64000000E+01 -3.43024979E-01
1.65000000E+01 -3.37663555E-01
1.66000000E+01 -3.32058229E-01
1.67000000E+01 -3.26207525E-01
1.68000000E+01 -3.20109964E-01
1.69000000E+01 -3.13764068E-01
1.70000000E+01 -3.07168358E-01
1.71000000E+01 -3.00321357E-01
1.72000000E+01 -2.93221586E-01
1.73000000E+01 -2.85867567E-01
1.74000000E+01 -2.78257822E-01
1.75000000E+01 -2.70390873E-01
1.76000000E+01 -2.62265241E-01
1.77000000E+01 -2.53879448E-01
1.78000000E+01 -2.45232016E-01
1.79000000E+01 -2.36321468E-01
1.80000000E+01 -2.27146324E-01
1.81000000E+01 -2.17705107E-01
1.82000000E+01 -2.07996338E-01
1.83000000E+01 -1.98018539E-01
1.84000000E+01 -1.87770232E-01
1.85000000E+01 -1.77249939E-01
1.86000000E+01 -1.66456182E-01
1.87000000E+01 -1.55387482E-01
1.88000000E+01 -1.44042361E-01
1.89000000E+01 -1.32419342E-01
1.90000000E+01 -1.20516945E-01
1.91000000E+01 -1.08333693E-01
1.92000000E+01 -9.58681077E-02
1.93000000E+01 -8.31187105E-02
1.94000000E+01 -7.00840235E-02
1.95000000E+01 -5.67625685E-02
1.96000000E+01 -4.31528673E-02
1.97000000E+01 -2.92534416E-02
1.98000000E+01 -1.50628133E-02
1.99000000E+01 -5.79504229E-04
2.00000000E+01 1.41979638E-02
