0.00000000E+00 1.00000000E+00
1.00000000E+00 6.40144913E-01
2.00000000E+00 5.20206615E-01
3.00000000E+00 4.02930879E-01
4.00000000E+00 2.89648987E-01
5.00000000E+00 1.81692219E-01
6.00000000E+00 8.03918571E-02
7.00000000E+00 -1.29208176E-02
8.00000000E+00 -9.69145240E-02
9.00000000E+00 -1.70257981E-01
1.00000000E+01 -2.31619907E-01
1.10000000E+01 -2.79669022E-01
1.20000000E+01 -3.13074043E-01
1.30000000E+01 -3.30503691E-01
1.40000000E+01 -3.30626683E-01
1.50000000E+01 -3.12111738E-01
1.60000000E+01 -2.73627576E-01
1.70000000E+01 -2.13842915E-01
1.80000000E+01 -1.31426474E-01
1.90000000E+01 -2.50469714E-02
2.00000000E+01 1.06626873E-01
